0 1 -1 0
1 0 -1 0
2 1 -1 0
3 0 -1 0
4 1 -1 0
5 1 -1 0
6 1 -1 0
7 1 -1 0
8 1 -1 -2
9 -2 -1 -2
10 1 -1 -2
11 -1 -1 -2
12 1 -1 -2
13 1 -1 -2
14 1 -1 -2
15 -2 -1 -2
16 1 2 -2
17 0 2 -2
18 1 2 -2
19 1 2 -2
20 1 2 -2
21 0 2 -2
22 1 2 -2
23 -2 2 -2
24 1 -4 -2
25 1 -4 -2
26 -2 -4 -2
27 1 -4 -2
28 1 -4 -2
29 4 -4 -2
30 1 -4 -2
31 0 -4 -2
32 1 0 0
33 1 0 0
34 1 0 0
35 1 0 0
36 0 0 0
37 1 0 0
38 1 0 0
39 0 0 0
40 1 -1 3
41 1 -1 3
42 -2 -1 3
43 1 -1 3
44 -1 -1 3
45 -1 -1 3
46 1 -1 3
47 1 -1 3
48 1 2 10
49 3 2 10
50 1 2 10
51 1 2 10
52 -2 2 10
53 -8 2 10
54 6 2 10
55 1 2 10
56 3 -21 32
57 11 -21 32
58 -15 -21 32
59 -3 -21 32
60 -5 -21 32
61 -15 -21 32
62 19 -21 32
63 5 -21 32
64 1 -73 48
65 18 -73 48
66 -27 -73 48
67 -15 -73 48
68 -2 -73 48
69 -16 -73 48
70 50 -73 48
71 14 -73 48
72 5 -67 74
73 25 -67 74
74 -31 -67 74
75 -16 -67 74
76 -4 -67 74
77 -30 -67 74
78 50 -67 74
79 20 -67 74
80 10 -90 140
81 50 -90 140
82 -47 -90 140
83 -22 -90 140
84 -15 -90 140
85 -39 -90 140
86 56 -90 140
87 50 -90 140
88 11 -111 156
89 50 -111 156
90 -63 -111 156
91 -30 -111 156
92 -15 -111 156
93 -53 -111 156
94 65 -111 156
95 50 -111 156
96 18 -120 199
97 65 -120 199
98 -79 -120 199
99 -35 -120 199
100 -18 -120 199
101 -79 -120 199
102 84 -120 199
103 50 -120 199
104 21 -141 290
105 74 -141 290
106 -94 -141 290
107 -47 -141 290
108 -80 -141 290
109 -94 -141 290
110 98 -141 290
111 50 -141 290
112 27 -102 263
113 89 -102 263
114 -107 -102 263
115 -47 -102 263
116 -94 -102 263
117 -94 -102 263
118 114 -102 263
119 -30 -102 263
120 50 -170 335
121 114 -170 335
122 -118 -170 335
123 -57 -170 335
124 -40 -170 335
125 -110 -170 335
126 127 -170 335
127 62 -170 335
128 50 -176 360
129 116 -176 360
130 -128 -176 360
131 -63 -176 360
132 -47 -176 360
133 -125 -176 360
134 129 -176 360
135 65 -176 360
136 129 -187 457
137 129 -187 457
138 -139 -187 457
139 -63 -187 457
140 -49 -187 457
141 -135 -187 457
142 146 -187 457
143 64 -187 457
144 53 -183 399
145 141 -183 399
146 -142 -183 399
147 -63 -183 399
148 -53 -183 399
149 -142 -183 399
150 152 -183 399
151 65 -183 399
152 59 -198 419
153 147 -198 419
154 -156 -198 419
155 -63 -198 419
156 -63 -198 419
157 -142 -198 419
158 158 -198 419
159 64 -198 419
160 65 -182 447
161 160 -182 447
162 -158 -182 447
163 -63 -182 447
164 -64 -182 447
165 -158 -182 447
166 160 -182 447
167 65 -182 447
168 65 -81 451
169 162 -81 451
170 -156 -81 451
171 -63 -81 451
172 -158 -81 451
173 -158 -81 451
174 154 -81 451
175 -63 -81 451
176 67 -140 423
177 156 -140 423
178 -142 -140 423
179 -49 -140 423
180 -66 -140 423
181 -150 -140 423
182 146 -140 423
183 51 -140 423
184 151 -124 567
185 151 -124 567
186 -135 -124 567
187 -48 -124 567
188 -142 -124 567
189 -135 -124 567
190 124 -124 567
191 50 -124 567
192 129 26 364
193 129 26 364
194 -117 26 364
195 65 26 364
196 -63 26 364
197 -127 26 364
198 50 26 364
199 50 26 364
200 65 224 300
201 114 224 300
202 -22 224 300
203 -22 224 300
204 -106 224 300
205 -106 224 300
206 -61 224 300
207 -61 224 300
208 54 25 227
209 81 25 227
210 -64 25 227
211 -15 25 227
212 -81 25 227
213 -81 25 227
214 50 25 227
215 -48 25 227
216 50 36 169
217 66 36 169
218 -31 36 169
219 1 36 169
220 -41 36 169
221 -54 36 169
222 25 36 169
223 -9 36 169
224 50 167 63
225 50 167 63
226 50 167 63
227 50 167 63
228 -27 167 63
229 -8 167 63
230 -21 167 63
231 -27 167 63
232 20 110 -3
233 10 110 -3
234 26 110 -3
235 28 110 -3
236 -15 110 -3
237 5 110 -3
238 -39 110 -3
239 -31 110 -3
240 -22 104 -108
241 -22 104 -108
242 56 104 -108
243 10 104 -108
244 -2 104 -108
245 50 104 -108
246 -63 104 -108
247 -42 104 -108
248 -8 160 -182
249 -54 160 -182
250 81 160 -182
251 50 160 -182
252 18 160 -182
253 65 160 -182
254 -93 160 -182
255 -50 160 -182
256 -22 176 -276
257 -81 176 -276
258 114 176 -276
259 56 176 -276
260 50 176 -276
261 95 176 -276
262 -110 176 -276
263 -54 176 -276
264 -34 119 -340
265 -108 119 -340
266 62 119 -340
267 62 119 -340
268 50 119 -340
269 126 119 -340
270 -135 119 -340
271 -63 119 -340
272 63 296 10
273 -130 296 10
274 138 296 10
275 63 296 10
276 -142 296 10
277 -63 296 10
278 -60 296 10
279 -142 296 10
280 149 444 158
281 62 444 158
282 65 444 158
283 149 444 158
284 -142 444 158
285 -60 444 158
286 -72 444 158
287 -159 444 158
288 157 468 69
289 60 468 69
290 77 468 69
291 162 468 69
292 -57 468 69
293 -57 468 69
294 -79 468 69
295 -158 468 69
296 159 378 44
297 60 378 44
298 78 378 44
299 162 378 44
300 -50 378 44
301 78 378 44
302 -162 378 44
303 -50 378 44
304 151 450 49
305 50 450 49
306 81 450 49
307 163 450 49
308 -47 450 49
309 -47 450 49
310 -82 450 49
311 -142 450 49
312 50 272 -247
313 -82 272 -247
314 81 272 -247
315 162 272 -247
316 -47 272 -247
317 81 272 -247
318 -80 272 -247
319 -157 272 -247
320 132 460 26
321 50 460 26
322 78 460 26
323 148 460 26
324 -32 460 26
325 -32 460 26
326 -127 460 26
327 -127 460 26
328 117 375 109
329 50 375 109
330 74 375 109
331 117 375 109
332 -110 375 109
333 -30 375 109
334 -69 375 109
335 -128 375 109
336 50 91 -15
337 50 91 -15
338 50 91 -15
339 50 91 -15
340 65 91 -15
341 65 91 -15
342 -63 91 -15
343 65 91 -15
344 94 337 59
345 24 337 59
346 59 337 59
347 114 337 59
348 -83 337 59
349 -22 337 59
350 -96 337 59
351 -96 337 59
352 -51 182 -201
353 -96 182 -201
354 92 182 -201
355 92 182 -201
356 -69 182 -201
357 50 182 -201
358 -80 182 -201
359 -69 182 -201
360 64 225 53
361 18 225 53
362 50 225 53
363 69 225 53
364 -54 225 53
365 -15 225 53
366 -64 225 53
367 -54 225 53
368 50 129 -9
369 11 129 -9
370 56 129 -9
371 56 129 -9
372 -44 129 -9
373 50 129 -9
374 -26 129 -9
375 -50 129 -9
376 50 124 36
377 11 124 36
378 22 124 36
379 50 124 36
380 -30 124 36
381 -8 124 36
382 -32 124 36
383 -30 124 36
384 6 80 -18
385 6 80 -18
386 25 80 -18
387 25 80 -18
388 -21 80 -18
389 18 80 -18
390 -27 80 -18
391 -27 80 -18
392 -15 36 -53
393 -27 36 -53
394 22 36 -53
395 22 36 -53
396 -15 36 -53
397 11 36 -53
398 -15 36 -53
399 -15 36 -53
400 10 15 -6
401 1 15 -6
402 10 15 -6
403 10 15 -6
404 1 15 -6
405 10 15 -6
406 -3 15 -6
407 -2 15 -6
408 1 -2 -2
409 -2 -2 -2
410 1 -2 -2
411 1 -2 -2
412 1 -2 -2
413 1 -2 -2
414 1 -2 -2
415 1 -2 -2
416 1 -27 18
417 1 -27 18
418 -8 -27 18
419 -8 -27 18
420 1 -27 18
421 1 -27 18
422 1 -27 18
423 18 -27 18
424 -15 -75 -28
425 -8 -75 -28
426 -15 -75 -28
427 -15 -75 -28
428 18 -75 -28
429 18 -75 -28
430 18 -75 -28
431 18 -75 -28
432 -18 -40 -16
433 18 -40 -16
434 1 -40 -16
435 -15 -40 -16
436 22 -40 -16
437 18 -40 -16
438 18 -40 -16
439 18 -40 -16
440 -18 -61 0
441 1 -61 0
442 0 -61 0
443 -18 -61 0
444 18 -61 0
445 18 -61 0
446 1 -61 0
447 50 -61 0
448 -15 -105 -62
449 -15 -105 -62
450 -29 -105 -62
451 -15 -105 -62
452 50 -105 -62
453 20 -105 -62
454 24 -105 -62
455 24 -105 -62
456 -30 -82 -50
457 4 -82 -50
458 -26 -82 -50
459 -30 -82 -50
460 50 -82 -50
461 21 -82 -50
462 3 -82 -50
463 28 -82 -50
464 -22 -120 -14
465 -22 -120 -14
466 -32 -120 -14
467 -32 -120 -14
468 0 -120 -14
469 0 -120 -14
470 50 -120 -14
471 0 -120 -14
472 -31 -62 -14
473 -22 -62 -14
474 -21 -62 -14
475 -31 -62 -14
476 23 -62 -14
477 -21 -62 -14
478 1 -62 -14
479 25 -62 -14
480 -32 -73 -31
481 -21 -73 -31
482 -1 -73 -31
483 -24 -73 -31
484 19 -73 -31
485 -1 -73 -31
486 24 -73 -31
487 24 -73 -31
488 -22 -72 -28
489 -22 -72 -28
490 -1 -72 -28
491 -22 -72 -28
492 24 -72 -28
493 -1 -72 -28
494 24 -72 -28
495 24 -72 -28
496 24 -37 23
497 24 -37 23
498 -21 -37 23
499 -21 -37 23
500 50 -37 23
501 0 -37 23
502 1 -37 23
503 24 -37 23
504 -28 -40 -33
505 -17 -40 -33
506 1 -40 -33
507 -18 -40 -33
508 20 -40 -33
509 1 -40 -33
510 1 -40 -33
511 21 -40 -33
512 -22 -24 -15
513 1 -24 -15
514 1 -24 -15
515 -16 -24 -15
516 18 -24 -15
517 1 -24 -15
518 1 -24 -15
519 18 -24 -15
520 -19 -50 -9
521 -15 -50 -9
522 -15 -50 -9
523 -19 -50 -9
524 13 -50 -9
525 -15 -50 -9
526 13 -50 -9
527 13 -50 -9
528 -18 -16 8
529 18 -16 8
530 -18 -16 8
531 -18 -16 8
532 18 -16 8
533 -15 -16 8
534 1 -16 8
535 11 -16 8
536 1 38 16
537 1 38 16
538 1 38 16
539 1 38 16
540 -15 38 16
541 -15 38 16
542 -15 38 16
543 -15 38 16
544 12 -12 2
545 -15 -12 2
546 0 -12 2
547 -1 -12 2
548 0 -12 2
549 0 -12 2
550 1 -12 2
551 0 -12 2
552 0 -7 1
553 0 -7 1
554 -3 -7 1
555 -3 -7 1
556 1 -7 1
557 1 -7 1
558 1 -7 1
559 1 -7 1
560 0 -1 1
561 1 -1 1
562 0 -1 1
563 0 -1 1
564 0 -1 1
565 0 -1 1
566 1 -1 1
567 1 -1 1
568 1 3 0
569 1 3 0
570 1 3 0
571 1 3 0
572 -1 3 0
573 1 3 0
574 -1 3 0
575 -1 3 0
576 -1 4 3
577 -1 4 3
578 1 4 3
579 1 4 3
580 -4 4 3
581 -4 4 3
582 1 4 3
583 -2 4 3
584 7 25 11
585 7 25 11
586 6 25 11
587 7 25 11
588 -4 25 11
589 -4 25 11
590 -4 25 11
591 -4 25 11
592 10 -28 12
593 -7 -28 12
594 -7 -28 12
595 -9 -28 12
596 1 -28 12
597 -2 -28 12
598 11 -28 12
599 1 -28 12
600 3 -11 12
601 3 -11 12
602 0 -11 12
603 3 -11 12
604 1 -11 12
605 -4 -11 12
606 11 -11 12
607 11 -11 12
608 0 -37 29
609 18 -37 29
610 -15 -37 29
611 -15 -37 29
612 3 -37 29
613 -2 -37 29
614 18 -37 29
615 11 -37 29
616 -2 -33 41
617 5 -33 41
618 -15 -33 41
619 -2 -33 41
620 -15 -33 41
621 -15 -33 41
622 18 -33 41
623 18 -33 41
624 18 20 15
625 18 20 15
626 18 20 15
627 18 20 15
628 6 20 15
629 1 20 15
630 18 20 15
631 6 20 15
632 1 22 16
633 1 22 16
634 -15 22 16
635 1 22 16
636 -15 22 16
637 -15 22 16
638 -15 22 16
639 -15 22 16
640 -2 -29 10
641 -2 -29 10
642 -6 -29 10
643 -6 -29 10
644 10 -29 10
645 -9 -29 10
646 11 -29 10
647 18 -29 10
648 -8 -40 6
649 1 -40 6
650 -10 -40 6
651 -15 -40 6
652 7 -40 6
653 0 -40 6
654 10 -40 6
655 14 -40 6
656 1 -29 28
657 10 -29 28
658 -11 -29 28
659 -15 -29 28
660 -2 -29 28
661 -2 -29 28
662 11 -29 28
663 8 -29 28
664 11 9 22
665 11 9 22
666 -4 9 22
667 1 9 22
668 -4 9 22
669 -4 9 22
670 1 9 22
671 -4 9 22
672 1 -3 8
673 1 -3 8
674 -11 -3 8
675 1 -3 8
676 1 -3 8
677 -11 -3 8
678 1 -3 8
679 1 -3 8
680 -4 -11 2
681 6 -11 2
682 -4 -11 2
683 -4 -11 2
684 4 -11 2
685 1 -11 2
686 5 -11 2
687 5 -11 2
688 -15 -15 -13
689 1 -15 -13
690 -2 -15 -13
691 -5 -15 -13
692 6 -15 -13
693 1 -15 -13
694 6 -15 -13
695 6 -15 -13
696 -3 -19 7
697 6 -19 7
698 -15 -19 7
699 -4 -19 7
700 0 -19 7
701 0 -19 7
702 3 -19 7
703 4 -19 7
704 -5 -3 -5
705 -1 -3 -5
706 1 -3 -5
707 -2 -3 -5
708 1 -3 -5
709 1 -3 -5
710 1 -3 -5
711 1 -3 -5
712 -2 -2 -3
713 -2 -2 -3
714 1 -2 -3
715 -1 -2 -3
716 1 -2 -3
717 1 -2 -3
718 0 -2 -3
719 1 -2 -3
720 -2 -4 -3
721 -2 -4 -3
722 1 -4 -3
723 -2 -4 -3
724 1 -4 -3
725 1 -4 -3
726 1 -4 -3
727 1 -4 -3
728 1 0 0
729 1 0 0
730 1 0 0
731 1 0 0
732 1 0 0
733 1 0 0
734 1 0 0
735 1 0 0
736 1 -5 -5
737 -7 -5 -5
738 1 -5 -5
739 1 -5 -5
740 1 -5 -5
741 1 -5 -5
742 1 -5 -5
743 1 -5 -5
744 1 -2 1
745 -2 -2 1
746 1 -2 1
747 1 -2 1
748 1 -2 1
749 1 -2 1
750 -2 -2 1
751 6 -2 1
752 1 7 -7
753 0 7 -7
754 3 7 -7
755 4 7 -7
756 2 7 -7
757 3 7 -7
758 -2 7 -7
759 -2 7 -7
760 1 5 -6
761 -2 5 -6
762 4 5 -6
763 1 5 -6
764 1 5 -6
765 4 5 -6
766 -4 5 -6
767 -2 5 -6
768 1 8 -4
769 -1 8 -4
770 6 8 -4
771 6 8 -4
772 0 8 -4
773 1 8 -4
774 0 8 -4
775 0 8 -4
776 -4 4 -9
777 -4 4 -9
778 7 4 -9
779 1 4 -9
780 1 4 -9
781 1 4 -9
782 0 4 -9
783 0 4 -9
784 0 4 5
785 0 4 5
786 3 4 5
787 -8 4 5
788 -1 4 5
789 1 4 5
790 -7 4 5
791 -1 4 5
792 1 7 -10
793 1 7 -10
794 4 7 -10
795 6 7 -10
796 4 7 -10
797 4 7 -10
798 -1 7 -10
799 -1 7 -10
800 2 6 -3
801 1 6 -3
802 1 6 -3
803 4 6 -3
804 1 6 -3
805 1 6 -3
806 -1 6 -3
807 -2 6 -3
808 1 11 -2
809 1 11 -2
810 1 11 -2
811 6 11 -2
812 -2 11 -2
813 1 11 -2
814 -5 11 -2
815 -2 11 -2
816 1 4 -3
817 1 4 -3
818 2 4 -3
819 2 4 -3
820 1 4 -3
821 2 4 -3
822 0 4 -3
823 -2 4 -3
824 0 8 -7
825 0 8 -7
826 1 8 -7
827 4 8 -7
828 1 8 -7
829 1 8 -7
830 -2 8 -7
831 -4 8 -7
832 4 4 1
833 1 4 1
834 1 4 1
835 4 4 1
836 0 4 1
837 0 4 1
838 0 4 1
839 0 4 1
840 1 1 1
841 1 1 1
842 1 1 1
843 1 1 1
844 -2 1 1
845 1 1 1
846 1 1 1
847 -1 1 1
848 1 2 0
849 1 2 0
850 1 2 0
851 1 2 0
852 1 2 0
853 1 2 0
854 -1 2 0
855 1 2 0
856 1 0 0
857 1 0 0
858 1 0 0
859 1 0 0
860 1 0 0
861 1 0 0
862 1 0 0
863 1 0 0
864 1 0 2
865 1 0 2
866 1 0 2
867 1 0 2
868 -1 0 2
869 0 0 2
870 1 0 2
871 1 0 2
872 1 5 3
873 4 5 3
874 1 5 3
875 1 5 3
876 0 5 3
877 0 5 3
878 -1 5 3
879 0 5 3
880 1 -2 0
881 1 -2 0
882 -1 -2 0
883 1 -2 0
884 1 -2 0
885 1 -2 0
886 1 -2 0
887 1 -2 0
888 1 -2 0
889 1 -2 0
890 -2 -2 0
891 1 -2 0
892 1 -2 0
893 1 -2 0
894 1 -2 0
895 0 -2 0
896 1 0 2
897 1 0 2
898 -1 0 2
899 1 0 2
900 1 0 2
901 -2 0 2
902 1 0 2
903 1 0 2
904 1 4 0
905 1 4 0
906 1 4 0
907 1 4 0
908 1 4 0
909 0 4 0
910 -2 4 0
911 0 4 0
912 1 3 -2
913 0 3 -2
914 3 3 -2
915 1 3 -2
916 1 3 -2
917 1 3 -2
918 0 3 -2
919 -1 3 -2
920 1 2 -2
921 1 2 -2
922 1 2 -2
923 1 2 -2
924 1 2 -2
925 1 2 -2
926 1 2 -2
927 -2 2 -2
928 0 0 0
929 1 0 0
930 1 0 0
931 0 0 0
932 1 0 0
933 1 0 0
934 1 0 0
935 1 0 0
936 0 3 -1
937 1 3 -1
938 1 3 -1
939 1 3 -1
940 1 3 -1
941 1 3 -1
942 -2 3 -1
943 0 3 -1
944 1 1 0
945 0 1 0
946 1 1 0
947 1 1 0
948 1 1 0
949 1 1 0
950 -1 1 0
951 1 1 0
952 1 2 0
953 1 2 0
954 1 2 0
955 1 2 0
956 1 2 0
957 1 2 0
958 -1 2 0
959 0 2 0
960 1 1 -1
961 1 1 -1
962 1 1 -1
963 1 1 -1
964 1 1 -1
965 1 1 -1
966 1 1 -1
967 -1 1 -1
968 1 0 0
969 0 0 0
970 1 0 0
971 1 0 0
972 1 0 0
973 1 0 0
974 1 0 0
975 1 0 0
976 -1 1 -4
977 -1 1 -4
978 1 1 -4
979 -1 1 -4
980 1 1 -4
981 1 1 -4
982 -1 1 -4
983 -2 1 -4
984 1 2 -1
985 1 2 -1
986 1 2 -1
987 1 2 -1
988 0 2 -1
989 3 2 -1
990 -1 2 -1
991 -1 2 -1
992 1 0 0
993 1 0 0
994 1 0 0
995 1 0 0
996 1 0 0
997 1 0 0
998 1 0 0
999 1 0 0
1000 1 2 2
1001 1 2 2
1002 1 2 2
1003 1 2 2
1004 1 2 2
