0 -7 5 5
1 0 5 5
2 3 5 5
3 0 5 5
4 0 5 5
5 -8 5 5
6 -3 5 5
7 9 5 5
8 9 -1 -2
9 -5 -1 -2
10 -3 -1 -2
11 0 -1 -2
12 0 -1 -2
13 2 -1 -2
14 0 -1 -2
15 -9 -1 -2
16 -8 14 1
17 2 14 1
18 0 14 1
19 0 14 1
20 0 14 1
21 -8 14 1
22 -9 14 1
23 3 14 1
24 0 -10 6
25 0 -10 6
26 0 -10 6
27 -6 -10 6
28 -6 -10 6
29 6 -10 6
30 2 -10 6
31 0 -10 6
32 0 2 -15
33 -3 2 -15
34 -9 2 -15
35 9 2 -15
36 0 2 -15
37 0 2 -15
38 0 2 -15
39 -10 2 -15
40 -7 14 1
41 3 14 1
42 4 14 1
43 -3 14 1
44 0 14 1
45 -6 14 1
46 -6 14 1
47 0 14 1
48 0 -12 1
49 -3 -12 1
50 -1 -12 1
51 -6 -12 1
52 -4 -12 1
53 4 -12 1
54 4 -12 1
55 -3 -12 1
56 -1 1 -12
57 -5 1 -12
58 -3 1 -12
59 3 1 -12
60 4 1 -12
61 -1 1 -12
62 -3 1 -12
63 -3 1 -12
64 -5 10 11
65 9 10 11
66 4 10 11
67 -2 10 11
68 -3 10 11
69 -3 10 11
70 -3 10 11
71 5 10 11
72 4 -8 -6
73 -1 -8 -6
74 -5 -8 -6
75 -1 -8 -6
76 0 -8 -6
77 5 -8 -6
78 5 -8 -6
79 -9 -8 -6
80 -16 15 -16
81 0 15 -16
82 -3 15 -16
83 3 15 -16
84 5 15 -16
85 -8 15 -16
86 -12 15 -16
87 2 15 -16
88 5 -4 -5
89 0 -4 -5
90 -2 -4 -5
91 0 -4 -5
92 -2 -4 -5
93 9 -4 -5
94 2 -4 -5
95 -9 -4 -5
96 -7 6 8
97 3 6 8
98 3 6 8
99 2 6 8
100 -2 6 8
101 -9 6 8
102 0 6 8
103 9 6 8
104 6 -1 -4
105 -3 -1 -4
106 -1 -1 -4
107 0 -1 -4
108 4 -1 -4
109 0 -1 -4
110 3 -1 -4
111 -6 -1 -4
112 -8 9 -6
113 0 9 -6
114 2 9 -6
115 0 9 -6
116 0 9 -6
117 -2 9 -6
118 -6 9 -6
119 0 9 -6
120 17 -7 20
121 0 -7 20
122 0 -7 20
123 -3 -7 20
124 -1 -7 20
125 0 -7 20
126 5 -7 20
127 0 -7 20
128 0 0 -19
129 -8 0 -19
130 -8 0 -19
131 4 0 -19
132 7 0 -19
133 -2 0 -19
134 -3 0 -19
135 -8 0 -19
136 -1 -11 18
137 0 -11 18
138 4 -11 18
139 -16 -11 18
140 -9 -11 18
141 0 -11 18
142 5 -11 18
143 -1 -11 18
144 -3 11 -10
145 -5 11 -10
146 0 11 -10
147 7 11 -10
148 3 11 -10
149 -6 11 -10
150 -6 11 -10
151 0 11 -10
152 0 -7 4
153 0 -7 4
154 -2 -7 4
155 -8 -7 4
156 -1 -7 4
157 0 -7 4
158 2 -7 4
159 -3 -7 4
160 -6 6 -11
161 -3 6 -11
162 0 6 -11
163 5 6 -11
164 3 6 -11
165 -5 6 -11
166 -1 6 -11
167 -1 6 -11
168 -2 0 11
169 4 0 11
170 3 0 11
171 -8 0 11
172 -3 0 11
173 -1 0 11
174 0 0 11
175 2 0 11
176 0 -3 -15
177 -5 -3 -15
178 -3 -3 -15
179 0 -3 -15
180 3 -3 -15
181 4 -3 -15
182 0 -3 -15
183 -9 -3 -15
184 -6 3 8
185 4 3 8
186 3 3 8
187 0 3 8
188 -2 3 8
189 -5 3 8
190 0 3 8
191 9 3 8
192 1 -5 -13
193 -8 -5 -13
194 -8 -5 -13
195 0 -5 -13
196 5 -5 -13
197 0 -5 -13
198 -5 -5 -13
199 -5 -5 -13
200 0 0 15
201 3 0 15
202 3 0 15
203 -6 0 15
204 -9 0 15
205 0 0 15
206 0 0 15
207 0 0 15
208 0 -5 -7
209 -5 -5 -7
210 -8 -5 -7
211 2 -5 -7
212 5 -5 -7
213 0 -5 -7
214 -7 -5 -7
215 3 -5 -7
216 3 -8 8
217 0 -8 8
218 0 -8 8
219 -4 -8 8
220 -5 -8 8
221 3 -8 8
222 3 -8 8
223 0 -8 8
224 -1 -3 -8
225 -3 -3 -8
226 -7 -3 -8
227 3 -3 -8
228 2 -3 -8
229 -1 -3 -8
230 -1 -3 -8
231 -3 -3 -8
232 -4 7 0
233 0 7 0
234 4 7 0
235 -2 7 0
236 0 7 0
237 -3 7 0
238 -3 7 0
239 0 7 0
240 0 -10 2
241 -3 -10 2
242 -1 -10 2
243 -6 -10 2
244 -3 -10 2
245 3 -10 2
246 2 -10 2
247 -1 -10 2
248 -1 6 -2
249 -3 6 -2
250 -2 6 -2
251 2 6 -2
252 0 6 -2
253 -3 6 -2
254 -7 6 -2
255 0 6 -2
256 2 -7 2
257 0 -7 2
258 0 -7 2
259 -9 -7 2
260 -2 -7 2
261 6 -7 2
262 0 -7 2
263 -5 -7 2
264 -7 15 2
265 0 15 2
266 4 15 2
267 0 15 2
268 0 15 2
269 -9 15 2
270 -8 15 2
271 4 15 2
272 5 -8 -6
273 -8 -8 -6
274 -8 -8 -6
275 0 -8 -6
276 0 -8 -6
277 0 -8 -6
278 0 -8 -6
279 -8 -8 -6
280 -8 -5 10
281 3 -5 10
282 0 -5 10
283 -4 -5 10
284 -8 -5 10
285 0 -5 10
286 0 -5 10
287 7 -5 10
288 0 -2 -13
289 -8 -2 -13
290 -6 -2 -13
291 1 -2 -13
292 7 -2 -13
293 -2 -2 -13
294 -6 -2 -13
295 -2 -2 -13
296 0 2 20
297 9 2 20
298 0 2 20
299 -6 2 20
300 -10 2 20
301 0 2 20
302 0 2 20
303 0 2 20
304 0 -4 -15
305 -8 -4 -15
306 -6 -4 -15
307 0 -4 -15
308 3 -4 -15
309 0 -4 -15
310 -1 -4 -15
311 -9 -4 -15
312 -7 9 0
313 0 9 0
314 0 9 0
315 0 9 0
316 0 9 0
317 -9 9 0
318 -3 9 0
319 0 9 0
320 3 -12 0
321 0 -12 0
322 -8 -12 0
323 -6 -12 0
324 -2 -12 0
325 4 -12 0
326 3 -12 0
327 -8 -12 0
328 -4 5 5
329 0 5 5
330 0 5 5
331 0 5 5
332 -1 5 5
333 -8 5 5
334 -3 5 5
335 4 5 5
336 4 -6 -7
337 -3 -6 -7
338 -9 -6 -7
339 0 -6 -7
340 2 -6 -7
341 2 -6 -7
342 0 -6 -7
343 -8 -6 -7
344 -6 4 4
345 5 4 4
346 3 4 4
347 -2 4 4
348 -3 4 4
349 -1 4 4
350 -1 4 4
351 3 4 4
352 2 -13 -2
353 -5 -13 -2
354 -3 -13 -2
355 -3 -13 -2
356 -3 -13 -2
357 3 -13 -2
358 7 -13 -2
359 -6 -13 -2
360 -4 9 -2
361 0 9 -2
362 -1 9 -2
363 0 9 -2
364 3 9 -2
365 -6 9 -2
366 -6 9 -2
367 0 9 -2
368 0 2 12
369 5 2 12
370 5 2 12
371 -5 2 12
372 -5 2 12
373 0 2 12
374 3 2 12
375 0 2 12
376 -3 11 -12
377 -9 11 -12
378 -1 11 -12
379 9 11 -12
380 3 11 -12
381 -9 11 -12
382 -6 11 -12
383 0 11 -12
384 5 -8 17
385 5 -8 17
386 0 -8 17
387 -11 -8 17
388 -3 -8 17
389 0 -8 17
390 6 -8 17
391 -3 -8 17
392 -16 8 -13
393 0 8 -13
394 0 8 -13
395 3 8 -13
396 0 8 -13
397 -6 8 -13
398 -2 8 -13
399 0 8 -13
400 0 -3 8
401 0 -3 8
402 0 -3 8
403 -3 -3 8
404 -8 -3 8
405 2 -3 8
406 0 -3 8
407 0 -3 8
408 0 1 -20
409 -8 1 -20
410 -3 1 -20
411 4 1 -20
412 5 1 -20
413 0 1 -20
414 -1 1 -20
415 -9 1 -20
416 -6 11 5
417 4 11 5
418 5 11 5
419 0 11 5
420 -6 11 5
421 -3 11 5
422 -1 11 5
423 0 11 5
424 -1 0 0
425 0 0 0
426 0 0 0
427 0 0 0
428 -1 0 0
429 0 0 0
430 0 0 0
431 0 0 0
432 0 0 0
433 0 0 0
434 0 0 0
435 0 0 0
436 0 0 0
437 0 0 0
438 0 0 0
439 0 0 0
440 0 0 0
441 0 0 0
442 0 0 0
443 0 0 0
444 0 0 0
445 -1 0 0
446 0 0 0
447 0 0 0
448 0 -23 16
449 0 -23 16
450 -9 -23 16
451 -6 -23 16
452 0 -23 16
453 -8 -23 16
454 9 -23 16
455 9 -23 16
456 -5 -81 30
457 5 -81 30
458 -17 -81 30
459 -16 -81 30
460 3 -81 30
461 -11 -81 30
462 49 -81 30
463 22 -81 30
464 -16 -63 -57
465 10 -63 -57
466 -32 -63 -57
467 -32 -63 -57
468 49 -63 -57
469 49 -63 -57
470 -31 -63 -57
471 17 -63 -57
472 -55 0 -209
473 -64 0 -209
474 49 0 -209
475 -16 0 -209
476 64 0 -209
477 78 0 -209
478 -64 0 -209
479 0 0 -209
480 -65 28 -285
481 -95 28 -285
482 71 28 -285
483 0 28 -285
484 68 28 -285
485 102 28 -285
486 -87 28 -285
487 -16 28 -285
488 -67 73 -333
489 -111 73 -333
490 97 73 -333
491 17 73 -333
492 70 73 -333
493 120 73 -333
494 -110 73 -333
495 -27 73 -333
496 -64 129 -368
497 -128 129 -368
498 113 129 -368
499 49 129 -368
500 52 129 -368
501 124 129 -368
502 -124 129 -368
503 -53 129 -368
504 -38 174 -322
505 -119 174 -322
506 120 174 -322
507 62 174 -322
508 27 174 -322
509 113 174 -322
510 -128 174 -322
511 -67 174 -322
512 -16 211 -261
513 -98 211 -261
514 116 211 -261
515 78 211 -261
516 -2 211 -261
517 86 211 -261
518 -111 211 -261
519 -84 211 -261
520 17 256 -170
521 -67 256 -170
522 113 256 -170
523 88 256 -170
524 -30 256 -170
525 54 256 -170
526 -99 256 -170
527 -95 256 -170
528 49 245 -108
529 -48 245 -108
530 91 245 -108
531 96 245 -108
532 -48 245 -108
533 49 245 -108
534 -87 245 -108
535 -95 245 -108
536 52 260 -59
537 -27 260 -59
538 80 260 -59
539 96 260 -59
540 -55 260 -59
541 19 260 -59
542 -80 260 -59
543 -91 260 -59
544 51 247 -53
545 -16 247 -53
546 71 247 -53
547 87 247 -53
548 -41 247 -53
549 18 247 -53
550 -80 247 -53
551 -82 247 -53
552 49 218 -86
553 -26 218 -86
554 77 218 -86
555 77 218 -86
556 -30 218 -86
557 49 218 -86
558 -83 218 -86
559 -80 218 -86
560 17 200 -141
561 -43 200 -141
562 84 200 -141
563 64 200 -141
564 -3 200 -141
565 55 200 -141
566 -95 200 -141
567 -64 200 -141
568 -19 206 -266
569 -80 206 -266
570 113 206 -266
571 62 206 -266
572 29 206 -266
573 97 206 -266
574 -128 206 -266
575 -67 206 -266
576 -31 228 -357
577 -111 228 -357
578 145 228 -357
579 73 228 -357
580 49 228 -357
581 125 228 -357
582 -143 228 -357
583 -80 228 -357
584 -40 258 -415
585 -136 258 -415
586 160 258 -415
587 80 258 -415
588 49 258 -415
589 145 258 -415
590 -173 258 -415
591 -96 258 -415
592 -31 330 -418
593 -143 330 -418
594 176 330 -418
595 113 330 -418
596 17 330 -418
597 141 330 -418
598 -189 330 -418
599 -122 330 -418
600 2 372 -346
601 -130 372 -346
602 176 372 -346
603 128 372 -346
604 -19 372 -346
605 114 372 -346
606 -177 372 -346
607 -143 372 -346
608 49 426 -228
609 -99 426 -228
610 164 426 -228
611 151 426 -228
612 -70 426 -228
613 70 426 -228
614 -157 426 -228
615 -166 426 -228
616 97 452 -60
617 -40 452 -60
618 128 452 -60
619 172 452 -60
620 -128 452 -60
621 9 452 -60
622 -109 452 -60
623 -178 452 -60
624 151 477 163
625 49 477 163
626 80 477 163
627 175 477 163
628 -183 477 163
629 -65 477 163
630 -64 477 163
631 -178 477 163
632 208 444 394
633 113 444 394
634 21 444 394
635 176 444 394
636 -239 444 394
637 -159 444 394
638 17 444 394
639 -169 444 394
640 256 363 615
641 176 363 615
642 -51 363 615
643 149 363 615
644 -275 363 615
645 -234 363 615
646 87 363 615
647 -143 363 615
648 290 291 853
649 273 291 853
650 -129 291 853
651 125 291 853
652 -311 291 853
653 -311 291 853
654 162 291 853
655 -106 291 853
656 304 158 1041
657 349 158 1041
658 -211 158 1041
659 79 158 1041
660 -310 158 1041
661 -384 158 1041
662 250 158 1041
663 -55 158 1041
664 304 39 1218
665 433 39 1218
666 -282 39 1218
667 29 39 1218
668 -315 39 1218
669 -435 39 1218
670 319 39 1218
671 0 39 1218
672 304 -169 1318
673 448 -169 1318
674 -362 -169 1318
675 -31 -169 1318
676 -293 -169 1318
677 -463 -169 1318
678 387 -169 1318
679 68 -169 1318
680 273 -356 1355
681 471 -356 1355
682 -421 -356 1355
683 -104 -356 1355
684 -250 -356 1355
685 -463 -356 1355
686 437 -356 1355
687 128 -356 1355
688 225 -539 1358
689 477 -539 1358
690 -463 -539 1358
691 -169 -539 1358
692 -193 -539 1358
693 -463 -539 1358
694 479 -539 1358
695 207 -539 1358
696 160 -711 1304
697 461 -711 1304
698 -495 -711 1304
699 -245 -711 1304
700 -124 -711 1304
701 -449 -711 1304
702 496 -711 1304
703 273 -711 1304
704 83 -863 1179
705 433 -863 1179
706 -510 -863 1179
707 -304 -863 1179
708 -50 -863 1179
709 -399 -863 1179
710 496 -863 1179
711 329 -863 1179
712 9 -1015 990
713 369 -1015 990
714 -507 -1015 990
715 -362 -1015 990
716 49 -1015 990
717 -334 -1015 990
718 482 -1015 990
719 378 -1015 990
720 -80 -176 -279
721 304 -176 -279
722 113 -176 -279
723 -256 -176 -279
724 448 -176 -279
725 433 -176 -279
726 -143 -176 -279
727 221 -176 -279
728 -439 -432 -1270
729 -428 -432 -1270
730 176 -432 -1270
731 -176 -432 -1270
732 433 -432 -1270
733 433 -432 -1270
734 -223 -432 -1270
735 127 -432 -1270
736 -384 -189 -1257
737 -445 -189 -1257
738 255 -189 -1257
739 -86 -189 -1257
740 343 -189 -1257
741 433 -189 -1257
742 -279 -189 -1257
743 49 -189 -1257
744 -311 27 -1232
745 -439 27 -1232
746 304 27 -1232
747 -8 27 -1232
748 279 27 -1232
749 433 27 -1232
750 -327 27 -1232
751 -35 27 -1232
752 -239 252 -1149
753 -415 252 -1149
754 340 252 -1149
755 73 252 -1149
756 203 252 -1149
757 391 252 -1149
758 -357 252 -1149
759 -111 252 -1149
760 -161 442 -1039
761 -381 442 -1039
762 369 442 -1039
763 145 442 -1039
764 126 442 -1039
765 351 442 -1039
766 -367 442 -1039
767 -176 442 -1039
768 -94 593 -900
769 -329 593 -900
770 369 593 -900
771 203 593 -900
772 49 593 -900
773 301 593 -900
774 -367 593 -900
775 -227 593 -900
776 -16 704 -728
777 -272 704 -728
778 353 704 -728
779 247 704 -728
780 -19 704 -728
781 240 704 -728
782 -351 704 -728
783 -265 704 -728
784 51 785 -548
785 -208 785 -548
786 333 785 -548
787 278 785 -548
788 -81 785 -548
789 176 785 -548
790 -320 785 -548
791 -291 785 -548
792 113 824 -369
793 -151 824 -369
794 298 824 -369
795 298 824 -369
796 -137 824 -369
797 113 824 -369
798 -284 824 -369
799 -305 824 -369
800 152 829 -204
801 -85 829 -204
802 258 829 -204
803 303 829 -204
804 -178 829 -204
805 55 829 -204
806 -237 829 -204
807 -305 829 -204
808 176 793 -53
809 -31 793 -53
810 212 793 -53
811 295 793 -53
812 -208 793 -53
813 0 793 -53
814 -188 793 -53
815 -287 793 -53
816 225 743 115
817 22 743 115
818 159 743 115
819 278 743 115
820 -231 743 115
821 -51 743 115
822 -139 743 115
823 -272 743 115
824 239 670 244
825 70 670 244
826 113 670 244
827 255 670 244
828 -239 670 244
829 -96 670 244
830 -87 670 244
831 -238 670 244
832 240 577 366
833 113 577 366
834 58 577 366
835 222 577 366
836 -256 577 366
837 -136 577 366
838 -34 577 366
839 -208 577 366
840 240 458 454
841 146 458 454
842 9 458 454
843 175 458 454
844 -233 458 454
845 -162 458 454
846 9 458 454
847 -159 458 454
848 227 344 513
849 169 344 513
850 -32 344 513
851 132 344 513
852 -215 344 513
853 -181 344 513
854 52 344 513
855 -118 344 513
856 203 220 542
857 176 220 542
858 -74 220 542
859 93 220 542
860 -192 220 542
861 -192 220 542
862 83 220 542
863 -68 220 542
864 170 93 522
865 176 93 522
866 -107 93 522
867 49 93 522
868 -143 93 522
869 -192 93 522
870 116 93 522
871 -26 93 522
872 128 -19 512
873 176 -19 512
874 -129 -19 512
875 4 -19 512
876 -119 -19 512
877 -182 -19 512
878 137 -19 512
879 17 -19 512
880 97 -116 474
881 169 -116 474
882 -143 -116 474
883 -35 -116 474
884 -80 -116 474
885 -162 -116 474
886 149 -116 474
887 50 -116 474
888 61 -202 419
889 152 -202 419
890 -157 -202 419
891 -69 -202 419
892 -41 -202 419
893 -143 -202 419
894 150 -202 419
895 80 -202 419
896 22 -282 352
897 119 -282 352
898 -151 -282 352
899 -97 -282 352
900 -16 -282 352
901 -111 -282 352
902 146 -282 352
903 113 -282 352
904 -17 -311 226
905 97 -311 226
906 -143 -311 226
907 -115 -311 226
908 49 -311 226
909 -82 -311 226
910 131 -311 226
911 116 -311 226
912 -48 -341 152
913 64 -341 152
914 -128 -341 152
915 -128 -341 152
916 61 -341 152
917 -49 -341 152
918 113 -341 152
919 125 -341 152
920 -73 -337 74
921 49 -337 74
922 -111 -337 74
923 -128 -337 74
924 79 -337 74
925 -17 -337 74
926 94 -337 74
927 123 -337 74
928 -87 -320 -22
929 0 -320 -22
930 -80 -320 -22
931 -123 -320 -22
932 96 -320 -22
933 11 -320 -22
934 64 -320 -22
935 113 -320 -22
936 -101 -311 -115
937 -27 -311 -115
938 -55 -311 -115
939 -111 -311 -115
940 113 -311 -115
941 49 -311 -115
942 49 -311 -115
943 103 -311 -115
944 -107 -250 -170
945 -50 -250 -170
946 -28 -250 -170
947 -95 -250 -170
948 113 -250 -170
949 59 -250 -170
950 17 -250 -170
951 84 -250 -170
952 -104 -186 -199
953 -67 -186 -199
954 0 -186 -199
955 -80 -186 -199
956 98 -186 -199
957 73 -186 -199
958 -16 -186 -199
959 63 -186 -199
960 -98 -139 -230
961 -80 -139 -230
962 17 -139 -230
963 -55 -139 -230
964 92 -139 -230
965 80 -139 -230
966 -32 -139 -230
967 49 -139 -230
968 -87 -63 -250
969 -87 -63 -250
970 49 -63 -250
971 -31 -63 -250
972 73 -63 -250
973 91 -63 -250
974 -51 -63 -250
975 20 -63 -250
976 58 232 -6
977 -10 232 -6
978 64 232 -6
979 88 232 -6
980 -64 232 -6
981 -1 232 -6
982 -53 232 -6
983 -83 232 -6
984 64 218 44
985 11 218 44
986 49 218 44
987 80 218 44
988 -73 218 44
989 -19 218 44
990 -34 218 44
991 -80 218 44
992 73 231 113
993 49 231 113
994 49 231 113
995 73 231 113
996 -80 231 113
997 -39 231 113
998 -17 231 113
999 -70 231 113
1000 79 165 146
1001 49 165 146
1002 7 165 146
1003 62 165 146
1004 -80 165 146
1005 -51 165 146
1006 -3 165 146
1007 -55 165 146
1008 74 121 170
1009 52 121 170
1010 -8 121 170
1011 49 121 170
1012 -80 121 170
1013 -62 121 170
1014 17 121 170
1015 -42 121 170
1016 64 74 163
1017 61 74 163
1018 -23 74 163
1019 49 74 163
1020 -66 74 163
1021 -65 74 163
1022 49 74 163
1023 -30 74 163
