0 0 0 0
1 0 0 0
2 0 0 0
3 0 0 0
4 0 0 0
5 0 0 0
6 0 0 0
7 0 0 0
8 0 0 0
9 0 0 0
10 0 0 0
11 0 0 0
12 0 0 0
13 0 0 0
14 0 0 0
15 0 0 0
16 0 0 0
17 0 0 0
18 0 0 0
19 -1 0 0
20 0 0 0
21 0 0 0
22 0 0 0
23 0 0 0
24 0 0 0
25 0 0 0
26 0 0 0
27 0 0 0
28 0 0 0
29 0 0 0
30 0 0 0
31 0 0 0
32 0 0 0
33 0 0 0
34 0 0 0
35 0 0 0
36 0 0 0
37 0 0 0
38 0 0 0
39 0 0 0
40 0 0 0
41 0 0 0
42 0 0 0
43 0 0 0
44 0 0 0
45 0 0 0
46 0 0 0
47 0 0 0
48 0 0 0
49 0 0 0
50 0 0 0
51 0 0 0
52 0 0 0
53 0 0 0
54 0 0 0
55 0 0 0
56 0 0 0
57 0 0 0
58 0 0 0
59 0 0 0
60 0 0 0
61 0 0 0
62 0 0 0
63 0 0 0
64 0 0 0
65 0 0 0
66 0 0 0
67 0 0 0
68 0 0 0
69 0 0 0
70 0 0 0
71 0 0 0
72 0 -1 0
73 0 -1 0
74 -1 -1 0
75 0 -1 0
76 0 -1 0
77 0 -1 0
78 0 -1 0
79 0 -1 0
80 0 -1 0
81 0 -1 0
82 -1 -1 0
83 0 -1 0
84 0 -1 0
85 0 -1 0
86 0 -1 0
87 0 -1 0
88 0 -10 5
89 0 -10 5
90 -5 -10 5
91 -2 -10 5
92 0 -10 5
93 -3 -10 5
94 4 -10 5
95 3 -10 5
96 -3 -29 9
97 0 -29 9
98 -10 -29 9
99 -8 -29 9
100 3 -29 9
101 -3 -29 9
102 9 -29 9
103 10 -29 9
104 -6 -55 13
105 0 -55 13
106 -16 -55 13
107 -16 -55 13
108 5 -55 13
109 -1 -55 13
110 17 -55 13
111 17 -55 13
112 -16 -63 0
113 0 -63 0
114 -16 -63 0
115 -21 -63 0
116 17 -63 0
117 -2 -63 0
118 17 -63 0
119 24 -63 0
120 -18 -96 14
121 0 -96 14
122 -19 -96 14
123 -30 -96 14
124 24 -96 14
125 0 -96 14
126 21 -96 14
127 49 -96 14
128 -27 -105 -18
129 -1 -105 -18
130 -23 -105 -18
131 -33 -105 -18
132 49 -105 -18
133 0 -105 -18
134 23 -105 -18
135 49 -105 -18
136 -31 -149 -24
137 -3 -149 -24
138 -28 -149 -24
139 -41 -149 -24
140 49 -149 -24
141 9 -149 -24
142 49 -149 -24
143 49 -149 -24
144 -43 -172 -37
145 -10 -172 -37
146 -30 -172 -37
147 -51 -172 -37
148 49 -172 -37
149 17 -172 -37
150 49 -172 -37
151 53 -172 -37
152 -51 -183 -47
153 -16 -183 -47
154 -28 -183 -47
155 -55 -183 -47
156 53 -183 -47
157 19 -183 -47
158 49 -183 -47
159 59 -183 -47
160 -61 106 -186
161 -20 106 -186
162 63 106 -186
163 24 106 -186
164 27 106 -186
165 64 106 -186
166 -65 106 -186
167 -30 106 -186
168 -27 113 -202
169 -64 113 -202
170 66 113 -202
171 49 113 -202
172 25 113 -202
173 64 113 -202
174 -80 113 -202
175 -33 113 -202
176 -22 127 -200
177 -67 127 -200
178 77 127 -200
179 49 127 -200
180 18 127 -200
181 66 127 -200
182 -80 127 -200
183 -42 127 -200
184 -17 138 -197
185 -68 138 -197
186 80 138 -197
187 49 138 -197
188 17 138 -197
189 64 138 -197
190 -83 138 -197
191 -48 138 -197
192 -16 152 -195
193 -66 152 -195
194 84 152 -195
195 51 152 -195
196 9 152 -195
197 66 152 -195
198 -87 152 -195
199 -55 152 -195
200 -9 169 -188
201 -65 169 -188
202 87 169 -188
203 58 169 -188
204 0 169 -188
205 64 169 -188
206 -87 169 -188
207 -64 169 -188
208 0 180 -176
209 -64 180 -176
210 88 180 -176
211 64 180 -176
212 -5 180 -176
213 59 180 -176
214 -87 180 -176
215 -67 180 -176
216 9 196 -148
217 -55 196 -148
218 87 196 -148
219 69 196 -148
220 -18 196 -148
221 49 196 -148
222 -83 196 -148
223 -72 196 -148
224 24 202 -121
225 -43 202 -121
226 79 202 -121
227 73 202 -121
228 -30 202 -121
229 49 202 -121
230 -80 202 -121
231 -80 202 -121
232 49 209 -53
233 -28 209 -53
234 68 209 -53
235 75 209 -53
236 -42 209 -53
237 19 209 -53
238 -64 209 -53
239 -80 209 -53
240 49 208 -16
241 -11 208 -16
242 55 208 -16
243 78 208 -16
244 -55 208 -16
245 0 208 -16
246 -48 208 -16
247 -80 208 -16
248 62 210 39
249 9 210 39
250 49 210 39
251 74 210 39
252 -67 210 39
253 -19 210 39
254 -31 210 39
255 -80 210 39
256 73 191 125
257 49 191 125
258 20 191 125
259 64 191 125
260 -80 191 125
261 -40 191 125
262 -16 191 125
263 -64 191 125
264 80 151 158
265 49 151 158
266 0 151 158
267 60 151 158
268 -81 151 158
269 -61 151 158
270 9 151 158
271 -54 151 158
272 85 100 205
273 64 100 205
274 -18 100 205
275 49 100 205
276 -83 100 205
277 -80 100 205
278 49 100 205
279 -42 100 205
280 87 91 239
281 80 91 239
282 -38 91 239
283 49 91 239
284 -87 91 239
285 -91 91 239
286 49 91 239
287 -30 91 239
288 84 46 277
289 96 46 277
290 -55 46 277
291 21 46 277
292 -81 46 277
293 -99 46 277
294 64 46 277
295 -16 46 277
296 80 5 318
297 113 5 318
298 -73 5 318
299 0 5 318
300 -80 5 318
301 -109 5 318
302 80 5 318
303 0 5 318
304 71 -45 320
305 113 -45 320
306 -87 -45 320
307 -16 -45 320
308 -65 -45 320
309 -111 -45 320
310 94 -45 320
311 18 -45 320
312 61 -106 331
313 113 -106 331
314 -98 -106 331
315 -28 -106 331
316 -55 -106 331
317 -111 -106 331
318 113 -106 331
319 49 -106 331
320 50 -128 312
321 113 -128 312
322 -110 -128 312
323 -40 -128 312
324 -41 -128 312
325 -108 -128 312
326 113 -128 312
327 49 -128 312
328 49 -166 305
329 101 -166 305
330 -111 -166 305
331 -55 -166 305
332 -30 -166 305
333 -98 -166 305
334 113 -166 305
335 63 -166 305
336 19 -192 266
337 93 -192 266
338 -111 -192 266
339 -67 -192 266
340 -16 -192 266
341 -91 -192 266
342 113 -192 266
343 73 -192 266
344 1 -223 226
345 80 -223 226
346 -110 -223 226
347 -80 -223 226
348 3 -223 226
349 -80 -223 226
350 113 -223 226
351 80 -223 226
352 -16 -235 173
353 64 -235 173
354 -104 -235 173
355 -85 -235 173
356 21 -235 173
357 -59 -235 173
358 97 -235 173
359 86 -235 173
360 -30 -241 111
361 51 -241 111
362 -95 -241 111
363 -87 -241 111
364 49 -241 111
365 -41 -241 111
366 88 -241 111
367 87 -241 111
368 -41 -230 88
369 49 -230 88
370 -81 -230 88
371 -92 -230 88
372 49 -230 88
373 -23 -230 88
374 74 -230 88
375 86 -230 88
376 -53 -233 31
377 17 -233 31
378 -67 -233 31
379 -87 -233 31
380 56 -233 31
381 -8 -233 31
382 61 -233 31
383 85 -233 31
384 -62 -225 -16
385 0 -225 -16
386 -55 -225 -16
387 -82 -225 -16
388 63 -225 -16
389 9 -225 -16
390 49 -225 -16
391 79 -225 -16
392 -67 -215 -51
393 -16 -215 -51
394 -35 -215 -51
395 -80 -215 -51
396 64 -215 -51
397 20 -215 -51
398 49 -215 -51
399 68 -215 -51
400 -67 -185 -100
401 -29 -185 -100
402 -23 -185 -100
403 -65 -185 -100
404 68 -185 -100
405 49 -185 -100
406 17 -185 -100
407 61 -185 -100
408 -67 -144 -116
409 -35 -144 -116
410 -10 -144 -116
411 -55 -144 -116
412 64 -144 -116
413 49 -144 -116
414 0 -144 -116
415 49 -144 -116
416 1 127 -126
417 -43 127 -126
418 63 127 -126
419 49 127 -126
420 -10 127 -126
421 49 127 -126
422 -59 127 -126
423 -51 127 -126
424 17 136 -76
425 -31 136 -76
426 54 136 -76
427 50 136 -76
428 -19 136 -76
429 26 136 -76
430 -51 136 -76
431 -51 136 -76
432 24 142 -40
433 -17 142 -40
434 49 142 -40
435 51 142 -40
436 -30 142 -40
437 14 142 -40
438 -43 142 -40
439 -50 142 -40
440 49 142 6
441 -9 142 6
442 49 142 6
443 49 142 6
444 -33 142 6
445 0 142 6
446 -31 142 6
447 -48 142 6
448 49 143 25
449 0 143 25
450 49 143 25
451 49 143 25
452 -36 143 25
453 -8 143 25
454 -23 143 25
455 -43 143 25
456 49 111 44
457 10 111 44
458 17 111 44
459 49 111 44
460 -37 111 44
461 -16 111 44
462 -16 111 44
463 -35 111 44
464 49 93 54
465 18 93 54
466 5 93 54
467 49 93 54
468 -35 93 54
469 -21 93 54
470 -3 93 54
471 -31 93 54
472 49 68 83
473 24 68 83
474 0 68 83
475 27 68 83
476 -32 68 83
477 -27 68 83
478 2 68 83
479 -21 68 83
480 49 51 113
481 49 51 113
482 -16 51 113
483 17 51 113
484 -31 51 113
485 -31 51 113
486 13 51 113
487 -16 51 113
488 49 36 122
489 49 36 122
490 -16 36 122
491 9 36 122
492 -28 36 122
493 -31 36 122
494 17 36 122
495 -8 36 122
496 23 14 101
497 49 14 101
498 -20 14 101
499 0 14 101
500 -21 14 101
501 -31 14 101
502 23 14 101
503 0 14 101
504 18 -6 99
505 49 -6 99
506 -27 -6 99
507 -4 -6 99
508 -16 -6 99
509 -29 -6 99
510 26 -6 99
511 9 -6 99
512 13 -42 99
513 49 -42 99
514 -23 -42 99
515 -16 -42 99
516 -9 -42 99
517 -26 -42 99
518 49 -42 99
519 17 -42 99
520 3 -70 60
521 24 -70 60
522 -29 -70 60
523 -16 -70 60
524 -1 -70 60
525 -21 -70 60
526 49 -70 60
527 18 -70 60
528 -1 -51 51
529 20 -51 51
530 -25 -51 51
531 -19 -51 51
532 1 -51 51
533 -16 -51 51
534 24 -51 51
535 20 -51 51
536 -7 -56 34
537 17 -56 34
538 -23 -56 34
539 -23 -56 34
540 9 -56 34
541 -10 -56 34
542 22 -56 34
543 20 -56 34
544 -10 -63 12
545 7 -63 12
546 -21 -63 12
547 -22 -63 12
548 17 -63 12
549 -3 -63 12
550 17 -63 12
551 23 -63 12
552 -16 -63 -2
553 0 -63 -2
554 -16 -63 -2
555 -23 -63 -2
556 17 -63 -2
557 0 -63 -2
558 17 -63 -2
559 20 -63 -2
560 -17 -57 -11
561 -3 -57 -11
562 -16 -57 -11
563 -19 -57 -11
564 19 -57 -11
565 3 -57 -11
566 9 -57 -11
567 21 -57 -11
568 -19 -45 -26
569 -8 -45 -26
570 -8 -45 -26
571 -17 -45 -26
572 20 -45 -26
573 9 -45 -26
574 0 -45 -26
575 18 -45 -26
576 -19 -44 -40
577 -16 -44 -40
578 0 -44 -40
579 -16 -44 -40
580 19 -44 -40
581 17 -44 -40
582 0 -44 -40
583 13 -44 -40
584 -19 -37 -41
585 -16 -37 -41
586 0 -37 -41
587 -16 -37 -41
588 17 -37 -41
589 17 -37 -41
590 -4 -37 -41
591 9 -37 -41
592 -17 -7 -51
593 -16 -7 -51
594 8 -7 -51
595 -8 -7 -51
596 17 -7 -51
597 18 -7 -51
598 -16 -7 -51
599 2 -7 -51
600 -16 2 -56
601 -17 2 -56
602 13 2 -56
603 -2 2 -56
604 17 2 -56
605 18 2 -56
606 -16 2 -56
607 0 2 -56
608 -16 7 -52
609 -18 7 -52
610 17 7 -52
611 0 7 -52
612 9 7 -52
613 19 7 -52
614 -16 7 -52
615 -1 7 -52
616 -12 15 -49
617 -16 15 -49
618 17 15 -49
619 3 15 -49
620 7 15 -49
621 18 15 -49
622 -16 15 -49
623 -6 15 -49
624 -8 23 -47
625 -16 23 -47
626 17 23 -47
627 6 23 -47
628 3 23 -47
629 17 23 -47
630 -17 23 -47
631 -12 23 -47
632 -2 29 -43
633 -16 29 -43
634 17 29 -43
635 9 29 -43
636 0 29 -43
637 17 29 -43
638 -18 29 -43
639 -16 29 -43
640 0 33 -40
641 -16 33 -40
642 17 33 -40
643 13 33 -40
644 -1 33 -40
645 13 33 -40
646 -16 33 -40
647 -16 33 -40
648 0 43 -31
649 -10 43 -31
650 17 43 -31
651 17 43 -31
652 -6 43 -31
653 9 43 -31
654 -16 43 -31
655 -16 43 -31
656 0 47 -27
657 -9 47 -27
658 17 47 -27
659 17 47 -27
660 -5 47 -27
661 4 47 -27
662 -16 47 -27
663 -16 47 -27
664 7 21 1
665 -3 21 1
666 17 21 1
667 17 21 1
668 -9 21 1
669 0 21 1
670 6 21 1
671 0 21 1
672 10 1 46
673 13 1 46
674 -10 1 46
675 0 1 46
676 -16 1 46
677 -16 1 46
678 9 1 46
679 0 1 46
680 5 -2 36
681 17 -2 36
682 -16 -2 36
683 -1 -2 36
684 -7 -2 36
685 -16 -2 36
686 9 -2 36
687 0 -2 36
688 6 -11 31
689 10 -11 31
690 -16 -11 31
691 -1 -11 31
692 -3 -11 31
693 -16 -11 31
694 10 -11 31
695 4 -11 31
696 0 -17 21
697 10 -17 21
698 -16 -17 21
699 -3 -17 21
700 -1 -17 21
701 -11 -17 21
702 11 -17 21
703 5 -17 21
704 0 -21 22
705 9 -21 22
706 -12 -21 22
707 -10 -21 22
708 0 -21 22
709 -8 -21 22
710 11 -21 22
711 5 -21 22
712 -1 -20 21
713 6 -20 21
714 -9 -20 21
715 -9 -20 21
716 0 -20 21
717 -8 -20 21
718 9 -20 21
719 9 -20 21
720 -1 -27 17
721 5 -27 17
722 -11 -27 17
723 -9 -27 17
724 0 -27 17
725 -3 -27 17
726 9 -27 17
727 9 -27 17
728 -3 -24 14
729 3 -24 14
730 -8 -24 14
731 -9 -24 14
732 0 -24 14
733 -3 -24 14
734 7 -24 14
735 10 -24 14
736 -5 -21 4
737 0 -21 4
738 -6 -21 4
739 -9 -21 4
740 2 -21 4
741 0 -21 4
742 4 -21 4
743 7 -21 4
744 -6 -20 2
745 0 -20 2
746 -3 -20 2
747 -8 -20 2
748 4 -20 2
749 0 -20 2
750 5 -20 2
751 9 -20 2
752 -6 -18 -2
753 -1 -18 -2
754 -6 -18 -2
755 -8 -18 -2
756 5 -18 -2
757 0 -18 -2
758 2 -18 -2
759 5 -18 -2
760 -4 -13 3
761 0 -13 3
762 -3 -13 3
763 -8 -13 3
764 2 -13 3
765 0 -13 3
766 1 -13 3
767 5 -13 3
768 -6 -10 -1
769 0 -10 -1
770 -3 -10 -1
771 -5 -10 -1
772 3 -10 -1
773 0 -10 -1
774 0 -10 -1
775 5 -10 -1
776 -5 -10 -2
777 -1 -10 -2
778 -3 -10 -2
779 -8 -10 -2
780 4 -10 -2
781 0 -10 -2
782 0 -10 -2
783 2 -10 -2
784 -3 -3 0
785 0 -3 0
786 -1 -3 0
787 -3 -3 0
788 0 -3 0
789 0 -3 0
790 0 -3 0
791 0 -3 0
792 -3 -4 -5
793 -3 -4 -5
794 0 -4 -5
795 -2 -4 -5
796 2 -4 -5
797 0 -4 -5
798 0 -4 -5
799 1 -4 -5
800 -2 -2 -4
801 -1 -2 -4
802 0 -2 -4
803 -2 -2 -4
804 3 -2 -4
805 0 -2 -4
806 0 -2 -4
807 0 -2 -4
808 -3 -2 -3
809 -3 -2 -3
810 0 -2 -3
811 -2 -2 -3
812 0 -2 -3
813 0 -2 -3
814 -1 -2 -3
815 0 -2 -3
816 -2 0 -2
817 -1 0 -2
818 0 0 -2
819 0 0 -2
820 0 0 -2
821 0 0 -2
822 -1 0 -2
823 0 0 -2
824 -1 0 -1
825 -1 0 -1
826 0 0 -1
827 0 0 -1
828 0 0 -1
829 0 0 -1
830 -1 0 -1
831 0 0 -1
832 -1 -1 -3
833 -3 -1 -3
834 0 -1 -3
835 0 -1 -3
836 0 -1 -3
837 0 -1 -3
838 -1 -1 -3
839 0 -1 -3
840 -1 1 -1
841 -1 1 -1
842 0 1 -1
843 0 1 -1
844 0 1 -1
845 0 1 -1
846 -2 1 -1
847 0 1 -1
848 0 3 -1
849 -1 3 -1
850 0 3 -1
851 0 3 -1
852 0 3 -1
853 0 3 -1
854 -3 3 -1
855 -1 3 -1
856 -1 0 -1
857 -1 0 -1
858 0 0 -1
859 0 0 -1
860 0 0 -1
861 0 0 -1
862 -1 0 -1
863 0 0 -1
864 0 2 -2
865 -2 2 -2
866 0 2 -2
867 0 2 -2
868 0 2 -2
869 0 2 -2
870 -3 2 -2
871 -1 2 -2
872 -2 -1 -4
873 -3 -1 -4
874 0 -1 -4
875 0 -1 -4
876 0 -1 -4
877 0 -1 -4
878 -1 -1 -4
879 0 -1 -4
880 0 1 0
881 -1 1 0
882 0 1 0
883 0 1 0
884 0 1 0
885 0 1 0
886 -2 1 0
887 0 1 0
888 0 0 -2
889 -2 0 -2
890 0 0 -2
891 0 0 -2
892 0 0 -2
893 0 0 -2
894 -1 0 -2
895 -1 0 -2
896 0 1 0
897 -1 1 0
898 0 1 0
899 0 1 0
900 0 1 0
901 0 1 0
902 -2 1 0
903 0 1 0
904 0 2 -2
905 -2 2 -2
906 0 2 -2
907 0 2 -2
908 0 2 -2
909 0 2 -2
910 -3 2 -2
911 -1 2 -2
912 -2 -1 -4
913 -3 -1 -4
914 0 -1 -4
915 0 -1 -4
916 0 -1 -4
917 0 -1 -4
918 -1 -1 -4
919 0 -1 -4
920 0 3 2
921 -1 3 2
922 0 3 2
923 0 3 2
924 -2 3 2
925 -3 3 2
926 -1 3 2
927 -2 3 2
928 0 2 0
929 0 2 0
930 0 2 0
931 0 2 0
932 -1 2 0
933 -1 2 0
934 0 2 0
935 -2 2 0
936 0 1 0
937 0 1 0
938 0 1 0
939 0 1 0
940 -2 1 0
941 0 1 0
942 0 1 0
943 -2 1 0
944 0 1 2
945 0 1 2
946 0 1 2
947 0 1 2
948 -1 1 2
949 -2 1 2
950 0 1 2
951 0 1 2
952 0 1 1
953 0 1 1
954 -1 1 1
955 0 1 1
956 -1 1 1
957 -2 1 1
958 0 1 1
959 -1 1 1
960 0 0 2
961 0 0 2
962 0 0 2
963 -1 0 2
964 -2 0 2
965 0 0 2
966 0 0 2
967 0 0 2
968 0 0 1
969 0 0 1
970 0 0 1
971 0 0 1
972 -1 0 1
973 0 0 1
974 0 0 1
975 0 0 1
976 0 0 0
977 0 0 0
978 0 0 0
979 0 0 0
980 0 0 0
981 0 0 0
982 0 0 0
983 0 0 0
984 0 0 0
985 0 0 0
986 0 0 0
987 0 0 0
988 0 0 0
989 0 0 0
990 0 0 0
991 0 0 0
992 -1 0 0
993 0 0 0
994 0 0 0
995 0 0 0
996 0 0 0
997 -1 0 0
998 0 0 0
999 0 0 0
1000 0 0 0
1001 0 0 0
1002 -1 0 0
1003 0 0 0
1004 0 0 0
1005 -1 0 0
1006 0 0 0
1007 0 0 0
1008 0 0 1
1009 0 0 1
1010 0 0 1
1011 -1 0 1
1012 0 0 1
1013 -1 0 1
1014 0 0 1
1015 0 0 1
1016 0 -2 0
1017 0 -2 0
1018 -3 -2 0
1019 0 -2 0
1020 0 -2 0
1021 -1 -2 0
1022 0 -2 0
1023 0 -2 0
