161 1 1 1
162 1 1 1
163 1 1 1
164 0 1 1
165 1 1 1
166 0 1 1
167 1 1 1
168 1 1 0
169 1 1 0
170 1 1 0
171 1 1 0
172 1 1 0
173 1 1 0
174 0 1 0
175 1 1 0
176 1 0 0
177 0 0 0
178 1 0 0
179 1 0 0
180 1 0 0
181 1 0 0
182 1 0 0
183 1 0 0
184 1 0 0
185 1 0 0
186 0 0 0
187 1 0 0
188 1 0 0
189 0 0 0
190 1 0 0
191 1 0 0
192 0 0 -1
193 1 0 -1
194 1 0 -1
195 1 0 -1
196 1 0 -1
197 1 0 -1
198 1 0 -1
199 0 0 -1
200 0 0 0
201 1 0 0
202 1 0 0
203 0 0 0
204 1 0 0
205 0 0 0
206 1 0 0
207 1 0 0
208 1 0 4
209 1 0 4
210 0 0 4
211 1 0 4
212 -2 0 4
213 -1 0 4
214 1 0 4
215 1 0 4
216 4 7 17
217 4 7 17
218 0 7 17
219 1 7 17
220 -6 7 17
221 -7 7 17
222 1 7 17
223 0 7 17
224 5 0 31
225 10 0 31
226 -8 0 31
227 1 0 31
228 -9 0 31
229 -15 0 31
230 10 0 31
231 1 0 31
232 10 -4 49
233 18 -4 49
234 -15 -4 49
235 1 -4 49
236 -15 -4 49
237 -16 -4 49
238 14 -4 49
239 1 -4 49
240 18 -2 63
241 21 -2 63
242 -15 -2 63
243 1 -2 63
244 -15 -2 63
245 -22 -2 63
246 19 -2 63
247 0 -2 63
248 19 12 98
249 50 12 98
250 -22 12 98
251 1 12 98
252 -22 12 98
253 -30 12 98
254 23 12 98
255 1 12 98
256 23 -14 115
257 50 -14 115
258 -27 -14 115
259 0 -14 115
260 -28 -14 115
261 -39 -14 115
262 50 -14 115
263 1 -14 115
264 50 -15 150
265 50 -15 150
266 -34 -15 150
267 0 -15 150
268 -30 -15 150
269 -47 -15 150
270 50 -15 150
271 1 -15 150
272 50 -17 159
273 50 -17 159
274 -37 -17 159
275 -4 -17 159
276 -32 -17 159
277 -53 -17 159
278 50 -17 159
279 1 -17 159
280 50 -20 174
281 55 -20 174
282 -47 -20 174
283 -5 -20 174
284 -35 -20 174
285 -61 -20 174
286 50 -20 174
287 4 -20 174
288 50 -18 190
289 64 -18 190
290 -49 -18 190
291 -3 -18 190
292 -40 -18 190
293 -63 -18 190
294 51 -18 190
295 10 -18 190
296 -54 -149 38
297 68 -149 38
298 -42 -149 38
299 -70 -149 38
300 56 -149 38
301 4 -149 38
302 50 -149 38
303 74 -149 38
304 -62 -224 -28
305 -10 -224 -28
306 -47 -224 -28
307 -79 -224 -28
308 63 -224 -28
309 12 -224 -28
310 50 -224 -28
311 78 -224 -28
312 -63 -234 -37
313 -15 -234 -37
314 -47 -234 -37
315 -79 -234 -37
316 65 -234 -37
317 18 -234 -37
318 50 -234 -37
319 81 -234 -37
320 -64 -237 -36
321 -15 -237 -36
322 -47 -237 -36
323 -82 -237 -36
324 65 -237 -36
325 18 -237 -36
326 50 -237 -36
327 81 -237 -36
328 -71 -233 -54
329 -17 -233 -54
330 -43 -233 -54
331 -82 -233 -54
332 74 -233 -54
333 18 -233 -54
334 50 -233 -54
335 80 -233 -54
336 -71 -234 -60
337 -22 -234 -60
338 -39 -234 -60
339 -79 -234 -60
340 69 -234 -60
341 24 -234 -60
342 50 -234 -60
343 78 -234 -60
344 -68 -225 -67
345 -29 -225 -67
346 -31 -225 -67
347 -79 -225 -67
348 65 -225 -67
349 26 -225 -67
350 50 -225 -67
351 68 -225 -67
352 -66 -190 -97
353 -28 -190 -97
354 -26 -190 -97
355 -64 -190 -97
356 64 -190 -97
357 50 -190 -97
358 20 -190 -97
359 60 -190 -97
360 -61 -157 -98
361 -30 -157 -98
362 -15 -157 -98
363 -54 -157 -98
364 55 -157 -98
365 50 -157 -98
366 11 -157 -98
367 50 -157 -98
368 -50 -119 -93
369 -30 -119 -93
370 -1 -119 -93
371 -39 -119 -93
372 50 -119 -93
373 50 -119 -93
374 -2 -119 -93
375 50 -119 -93
376 -40 -60 -118
377 -30 -60 -118
378 10 -60 -118
379 -22 -60 -118
380 50 -60 -118
381 50 -60 -118
382 -15 -60 -118
383 18 -60 -118
384 -30 -15 -105
385 -30 -15 -105
386 20 -15 -105
387 -8 -15 -105
388 24 -15 -105
389 50 -15 -105
390 -27 -15 -105
391 0 -15 -105
392 -16 37 -97
393 -31 37 -97
394 50 37 -97
395 3 37 -97
396 11 37 -97
397 50 37 -97
398 -32 37 -97
399 -15 37 -97
400 -7 70 -100
401 -30 70 -100
402 50 70 -100
403 20 70 -100
404 1 70 -100
405 50 70 -100
406 -42 70 -100
407 -30 70 -100
408 1 125 -101
409 -30 125 -101
410 50 125 -101
411 50 125 -101
412 -8 125 -101
413 28 125 -101
414 -48 125 -101
415 -47 125 -101
416 18 136 -96
417 -27 136 -96
418 56 136 -96
419 50 136 -96
420 -18 136 -96
421 50 136 -96
422 -58 136 -96
423 -58 136 -96
424 25 175 -70
425 -25 175 -70
426 57 175 -70
427 62 175 -70
428 -30 175 -70
429 24 175 -70
430 -63 175 -70
431 -64 175 -70
432 50 200 -37
433 -16 200 -37
434 65 200 -37
435 65 200 -37
436 -37 200 -37
437 21 200 -37
438 -64 200 -37
439 -72 200 -37
440 50 219 -34
441 -15 219 -34
442 65 219 -34
443 75 219 -34
444 -47 219 -34
445 13 219 -34
446 -63 219 -34
447 -81 219 -34
448 50 231 -22
449 -10 231 -22
450 65 231 -22
451 80 231 -22
452 -54 231 -22
453 6 231 -22
454 -63 231 -22
455 -81 231 -22
456 63 232 0
457 -5 232 0
458 62 232 0
459 81 232 0
460 -58 232 0
461 1 232 0
462 -58 232 0
463 -83 232 0
464 62 220 9
465 1 220 9
466 54 220 9
467 81 220 9
468 -61 220 9
469 -2 220 9
470 -49 220 9
471 -81 220 9
472 61 220 21
473 7 220 21
474 50 220 21
475 79 220 21
476 -63 220 21
477 -8 220 21
478 -47 220 21
479 -79 220 21
480 64 210 42
481 12 210 42
482 50 210 42
483 74 210 42
484 -63 210 42
485 -15 210 42
486 -37 210 42
487 -72 210 42
488 57 201 48
489 18 201 48
490 50 201 48
491 70 201 48
492 -61 201 48
493 -18 201 48
494 -30 201 48
495 -64 201 48
496 62 169 66
497 21 169 66
498 30 169 66
499 63 169 66
500 -60 169 66
501 -22 169 66
502 -22 169 66
503 -58 169 66
504 57 159 97
505 50 159 97
506 18 159 97
507 51 159 97
508 -54 159 97
509 -29 159 97
510 -15 159 97
511 -47 159 97
512 52 135 99
513 50 135 99
514 10 135 99
515 50 135 99
516 -54 135 99
517 -30 135 99
518 -5 135 99
519 -39 135 99
520 50 114 97
521 50 114 97
522 1 114 97
523 50 114 97
524 -47 114 97
525 -30 114 97
526 1 114 97
527 -30 114 97
528 50 107 91
529 50 107 91
530 0 107 91
531 50 107 91
532 -39 107 91
533 -30 107 91
534 4 107 91
535 -26 107 91
536 50 54 115
537 50 54 115
538 -15 54 115
539 18 54 115
540 -32 54 115
541 -30 54 115
542 11 54 115
543 -15 54 115
544 50 36 117
545 50 36 117
546 -15 36 117
547 18 36 117
548 -30 36 117
549 -30 36 117
550 25 36 117
551 -9 36 117
552 -15 -80 9
553 1 -80 9
554 -22 -80 9
555 -28 -80 9
556 18 -80 9
557 -1 -80 9
558 18 -80 9
559 30 -80 9
560 -16 -65 -1
561 1 -65 -1
562 -15 -65 -1
563 -22 -65 -1
564 18 -65 -1
565 1 -65 -1
566 18 -65 -1
567 24 -65 -1
568 -18 -58 -11
569 -4 -58 -11
570 -15 -58 -11
571 -22 -58 -11
572 19 -58 -11
573 3 -58 -11
574 8 -58 -11
575 21 -58 -11
576 -17 -42 -24
577 -8 -42 -24
578 -4 -42 -24
579 -16 -42 -24
580 18 -42 -24
581 11 -42 -24
582 1 -42 -24
583 18 -42 -24
584 -18 -30 -31
585 -7 -30 -31
586 0 -30 -31
587 -15 -30 -31
588 18 -30 -31
589 12 -30 -31
590 -1 -30 -31
591 10 -30 -31
592 -15 -37 -35
593 -15 -37 -35
594 1 -37 -35
595 -15 -37 -35
596 18 -37 -35
597 15 -37 -35
598 -2 -37 -35
599 11 -37 -35
600 -15 -6 -48
601 -15 -6 -48
602 10 -6 -48
603 -5 -6 -48
604 18 -6 -48
605 12 -6 -48
606 -7 -6 -48
607 1 -6 -48
608 -15 -2 -45
609 -15 -2 -45
610 10 -2 -45
611 -1 -2 -45
612 11 -2 -45
613 14 -2 -45
614 -10 -2 -45
615 1 -2 -45
616 -7 2 -37
617 -15 2 -37
618 10 2 -37
619 1 2 -37
620 6 2 -37
621 18 2 -37
622 -15 2 -37
623 0 2 -37
624 -3 11 -32
625 -15 11 -32
626 10 11 -32
627 3 11 -32
628 4 11 -32
629 12 11 -32
630 -15 11 -32
631 -5 11 -32
632 0 19 -18
633 -10 19 -18
634 12 19 -18
635 5 19 -18
636 1 19 -18
637 8 19 -18
638 -15 19 -18
639 -2 19 -18
640 1 21 -22
641 -9 21 -22
642 11 21 -22
643 10 21 -22
644 1 21 -22
645 5 21 -22
646 -8 21 -22
647 -8 21 -22
648 1 19 -19
649 -7 19 -19
650 7 19 -19
651 10 19 -19
652 0 19 -19
653 4 19 -19
654 -7 19 -19
655 -8 19 -19
656 1 26 -9
657 1 26 -9
658 10 26 -9
659 10 26 -9
660 -2 26 -9
661 1 26 -9
662 -4 26 -9
663 -8 26 -9
664 6 22 -2
665 1 22 -2
666 6 22 -2
667 10 22 -2
668 -4 22 -2
669 1 22 -2
670 -4 22 -2
671 -7 22 -2
672 5 17 -1
673 1 17 -1
674 4 17 -1
675 8 17 -1
676 -4 17 -1
677 0 17 -1
678 -1 17 -1
679 -8 17 -1
680 3 15 1
681 1 15 1
682 1 15 1
683 6 15 1
684 -6 15 1
685 -2 15 1
686 -2 15 1
687 -8 15 1
688 8 11 7
689 4 11 7
690 1 11 7
691 5 11 7
692 -2 11 7
693 -2 11 7
694 1 11 7
695 -5 11 7
696 10 6 20
697 1 6 20
698 0 6 20
699 1 6 20
700 -7 6 20
701 -7 6 20
702 1 6 20
703 -2 6 20
704 4 2 15
705 1 2 15
706 -1 2 15
707 1 2 15
708 -9 2 15
709 -4 2 15
710 1 2 15
711 0 2 15
712 1 6 13
713 6 6 13
714 -1 6 13
715 1 6 13
716 -5 6 13
717 -5 6 13
718 1 6 13
719 0 6 13
720 4 0 13
721 3 0 13
722 -5 0 13
723 0 0 13
724 -2 0 13
725 -7 0 13
726 1 0 13
727 1 0 13
728 5 0 11
729 3 0 11
730 0 0 11
731 1 0 11
732 -2 0 11
733 -3 0 11
734 5 0 11
735 1 0 11
736 1 0 11
737 3 0 11
738 -2 0 11
739 -1 0 11
740 -1 0 11
741 -8 0 11
742 5 0 11
743 1 0 11
744 1 -11 7
745 3 -11 7
746 -8 -11 7
747 -3 -11 7
748 1 -11 7
749 -4 -11 7
750 6 -11 7
751 1 -11 7
752 1 -12 6
753 1 -12 6
754 -4 -12 6
755 -5 -12 6
756 1 -12 6
757 -2 -12 6
758 6 -12 6
759 1 -12 6
760 1 -8 6
761 1 -8 6
762 -4 -8 6
763 -4 -8 6
764 1 -8 6
765 -1 -8 6
766 1 -8 6
767 3 -8 6
768 1 -13 5
769 1 -13 5
770 -5 -13 5
771 -4 -13 5
772 1 -13 5
773 1 -13 5
774 3 -13 5
775 3 -13 5
776 0 -10 4
777 1 -10 4
778 -1 -10 4
779 -6 -10 4
780 1 -10 4
781 1 -10 4
782 4 -10 4
783 1 -10 4
784 0 -8 1
785 1 -8 1
786 -2 -8 1
787 -2 -8 1
788 4 -8 1
789 1 -8 1
790 1 -8 1
791 5 -8 1
792 -2 -9 0
793 1 -9 0
794 -1 -9 0
795 -6 -9 0
796 5 -9 0
797 1 -9 0
798 1 -9 0
799 5 -9 0
800 -2 3 -1
801 0 3 -1
802 0 3 -1
803 -3 3 -1
804 1 3 -1
805 1 3 -1
806 -6 3 -1
807 0 3 -1
808 1 6 -5
809 -4 6 -5
810 3 6 -5
811 1 6 -5
812 1 6 -5
813 1 6 -5
814 -5 6 -5
815 -2 6 -5
816 1 3 -4
817 -2 3 -4
818 1 3 -4
819 1 3 -4
820 1 3 -4
821 1 3 -4
822 -2 3 -4
823 -2 3 -4
824 1 9 -4
825 -2 9 -4
826 4 9 -4
827 3 9 -4
828 1 9 -4
829 1 9 -4
830 -5 9 -4
831 0 9 -4
832 1 5 -2
833 0 5 -2
834 1 5 -2
835 3 5 -2
836 -1 5 -2
837 1 5 -2
838 -2 5 -2
839 -2 5 -2
840 1 6 -3
841 0 6 -3
842 1 6 -3
843 3 6 -3
844 1 6 -3
845 1 6 -3
846 -3 6 -3
847 -1 6 -3
848 1 7 0
849 1 7 0
850 1 7 0
851 3 7 0
852 -1 7 0
853 0 7 0
854 -2 7 0
855 -2 7 0
856 4 11 -9
857 -2 11 -9
858 3 11 -9
859 6 11 -9
860 1 11 -9
861 1 11 -9
862 -1 11 -9
863 -8 11 -9
864 1 2 5
865 1 2 5
866 3 2 5
867 1 2 5
868 -4 2 5
869 1 2 5
870 1 2 5
871 1 2 5
872 1 3 1
873 1 3 1
874 1 3 1
875 1 3 1
876 0 3 1
877 0 3 1
878 -2 3 1
879 1 3 1
880 3 3 5
881 1 3 5
882 4 3 5
883 1 3 5
884 -2 3 5
885 0 3 5
886 1 3 5
887 1 3 5
888 3 3 0
889 1 3 0
890 0 3 0
891 5 3 0
892 0 3 0
893 0 3 0
894 1 3 0
895 0 3 0
896 1 5 14
897 3 5 14
898 1 5 14
899 1 5 14
900 -8 5 14
901 -4 5 14
902 1 5 14
903 1 5 14
904 4 0 2
905 1 0 2
906 0 0 2
907 1 0 2
908 -1 0 2
909 1 0 2
910 3 0 2
911 -2 0 2
912 1 7 12
913 4 7 12
914 1 7 12
915 1 7 12
916 -4 7 12
917 -7 7 12
918 1 7 12
919 1 7 12
920 1 -3 -2
921 1 -3 -2
922 -4 -3 -2
923 5 -3 -2
924 1 -3 -2
925 0 -3 -2
926 4 -3 -2
927 0 -3 -2
928 1 1 6
929 2 1 6
930 1 1 6
931 -1 1 6
932 -1 1 6
933 -2 1 6
934 1 1 6
935 1 1 6
936 1 -8 2
937 2 -8 2
938 -3 -8 2
939 -1 -8 2
940 -1 -8 2
941 1 -8 2
942 7 -8 2
943 -2 -8 2
944 1 0 4
945 1 0 4
946 -5 0 4
947 1 0 4
948 1 0 4
949 -6 0 4
950 1 0 4
951 0 0 4
952 1 2 10
953 5 2 10
954 0 2 10
955 0 2 10
956 -5 2 10
957 0 2 10
958 0 2 10
959 1 2 10
960 1 -2 0
961 1 -2 0
962 -1 -2 0
963 1 -2 0
964 0 -2 0
965 1 -2 0
966 2 -2 0
967 0 -2 0
968 0 2 0
969 0 2 0
970 1 2 0
971 2 2 0
972 1 2 0
973 -2 2 0
974 1 2 0
975 1 2 0
976 1 -7 6
977 3 -7 6
978 -2 -7 6
979 -2 -7 6
980 -2 -7 6
981 1 -7 6
982 5 -7 6
983 1 -7 6
984 -6 -1 -2
985 1 -1 -2
986 0 -1 -2
987 1 -1 -2
988 1 -1 -2
989 -2 -1 -2
990 1 -1 -2
991 4 -1 -2
992 1 -5 0
993 1 -5 0
994 -4 -5 0
995 1 -5 0
996 1 -5 0
997 1 -5 0
998 1 -5 0
999 1 -5 0
1000 -2 4 1
1001 1 4 1
1002 1 4 1
1003 1 4 1
1004 1 4 1
1005 -5 4 1
1006 1 4 1
1007 1 4 1
1008 3 -5 5
1009 1 -5 5
1010 1 -5 5
1011 -2 -5 5
1012 0 -5 5
1013 1 -5 5
1014 4 -5 5
1015 1 -5 5
1016 1 -3 -1
1017 0 -3 -1
1018 -2 -3 -1
1019 1 -3 -1
1020 1 -3 -1
1021 1 -3 -1
1022 1 -3 -1
1023 0 -3 -1
