0 60 2 1
1 59 2 1
2 60 2 1
3 60 2 1
4 60 2 1
5 57 2 1
6 59 2 1
7 60 2 1
8 60 -4 0
9 57 -4 0
10 57 -4 0
11 57 -4 0
12 60 -4 0
13 59 -4 0
14 59 -4 0
15 59 -4 0
16 60 0 0
17 60 0 0
18 60 0 0
19 60 0 0
20 60 0 0
21 60 0 0
22 60 0 0
23 59 0 0
24 60 -2 -2
25 60 -2 -2
26 60 -2 -2
27 59 -2 -2
28 60 -2 -2
29 63 -2 -2
30 60 -2 -2
31 59 -2 -2
32 60 0 2
33 60 0 2
34 60 0 2
35 59 0 2
36 58 0 2
37 60 0 2
38 60 0 2
39 60 0 2
40 60 0 0
41 60 0 0
42 60 0 0
43 60 0 0
44 60 0 0
45 60 0 0
46 60 0 0
47 60 0 0
48 57 0 -2
49 60 0 -2
50 60 0 -2
51 60 0 -2
52 60 0 -2
53 59 0 -2
54 60 0 -2
55 60 0 -2
56 60 0 0
57 60 0 0
58 60 0 0
59 60 0 0
60 60 0 0
61 60 0 0
62 60 0 0
63 60 0 0
64 60 0 0
65 60 0 0
66 57 0 0
67 60 0 0
68 60 0 0
69 59 0 0
70 58 0 0
71 60 0 0
72 60 0 0
73 60 0 0
74 60 0 0
75 60 0 0
76 60 0 0
77 60 0 0
78 60 0 0
79 60 0 0
80 60 0 1
81 60 0 1
82 58 0 1
83 60 0 1
84 60 0 1
85 58 0 1
86 60 0 1
87 60 0 1
88 60 0 0
89 60 0 0
90 60 0 0
91 60 0 0
92 60 0 0
93 60 0 0
94 60 0 0
95 60 0 0
96 58 0 -2
97 60 0 -2
98 60 0 -2
99 60 0 -2
100 60 0 -2
101 60 0 -2
102 60 0 -2
103 60 0 -2
104 60 -3 3
105 60 -3 3
106 60 -3 3
107 60 -3 3
108 60 -3 3
109 60 -3 3
110 60 -3 3
111 65 -3 3
112 58 0 -2
113 60 0 -2
114 60 0 -2
115 60 0 -2
116 60 0 -2
117 60 0 -2
118 60 0 -2
119 60 0 -2
120 60 0 0
121 60 0 0
122 60 0 0
123 60 0 0
124 59 0 0
125 60 0 0
126 60 0 0
127 59 0 0
128 59 0 -3
129 59 0 -3
130 60 0 -3
131 62 0 -3
132 60 0 -3
133 60 0 -3
134 60 0 -3
135 60 0 -3
136 59 0 1
137 60 0 1
138 60 0 1
139 60 0 1
140 57 0 1
141 60 0 1
142 60 0 1
143 59 0 1
144 60 0 0
145 60 0 0
146 60 0 0
147 60 0 0
148 60 0 0
149 60 0 0
150 60 0 0
151 60 0 0
152 60 0 1
153 60 0 1
154 60 0 1
155 60 0 1
156 59 0 1
157 60 0 1
158 60 0 1
159 60 0 1
160 59 0 -1
161 60 0 -1
162 60 0 -1
163 60 0 -1
164 60 0 -1
165 60 0 -1
166 60 0 -1
167 59 0 -1
168 59 0 -1
169 60 0 -1
170 60 0 -1
171 60 0 -1
172 60 0 -1
173 60 0 -1
174 60 0 -1
175 60 0 -1
176 60 0 0
177 60 0 0
178 60 0 0
179 58 0 0
180 60 0 0
181 60 0 0
182 60 0 0
183 59 0 0
184 59 -3 0
185 60 -3 0
186 59 -3 0
187 57 -3 0
188 60 -3 0
189 61 -3 0
190 60 -3 0
191 60 -3 0
192 57 -1 -3
193 60 -1 -3
194 59 -1 -3
195 60 -1 -3
196 60 -1 -3
197 60 -1 -3
198 60 -1 -3
199 60 -1 -3
200 60 -1 0
201 59 -1 0
202 60 -1 0
203 59 -1 0
204 60 -1 0
205 60 -1 0
206 60 -1 0
207 60 -1 0
208 60 1 1
209 60 1 1
210 60 1 1
211 59 1 1
212 60 1 1
213 59 1 1
214 59 1 1
215 60 1 1
216 60 0 0
217 59 0 0
218 60 0 0
219 60 0 0
220 60 0 0
221 60 0 0
222 60 0 0
223 60 0 0
224 57 1 -3
225 59 1 -3
226 60 1 -3
227 60 1 -3
228 59 1 -3
229 59 1 -3
230 60 1 -3
231 58 1 -3
232 60 0 0
233 60 0 0
234 60 0 0
235 60 0 0
236 60 0 0
237 60 0 0
238 60 0 0
239 60 0 0
240 60 0 1
241 60 0 1
242 60 0 1
243 59 0 1
244 59 0 1
245 60 0 1
246 60 0 1
247 59 0 1
248 60 0 0
249 60 0 0
250 60 0 0
251 60 0 0
252 60 0 0
253 60 0 0
254 60 0 0
255 59 0 0
256 60 0 3
257 60 0 3
258 59 0 3
259 60 0 3
260 58 0 3
261 58 0 3
262 60 0 3
263 60 0 3
264 60 0 0
265 60 0 0
266 60 0 0
267 60 0 0
268 60 0 0
269 59 0 0
270 60 0 0
271 60 0 0
272 60 0 0
273 60 0 0
274 60 0 0
275 59 0 0
276 60 0 0
277 60 0 0
278 60 0 0
279 60 0 0
280 59 0 -1
281 60 0 -1
282 60 0 -1
283 60 0 -1
284 60 0 -1
285 60 0 -1
286 60 0 -1
287 60 0 -1
288 60 0 0
289 60 0 0
290 60 0 0
291 60 0 0
292 60 0 0
293 60 0 0
294 60 0 0
295 60 0 0
296 60 -7 7
297 60 -7 7
298 60 -7 7
299 59 -7 7
300 60 -7 7
301 56 -7 7
302 65 -7 7
303 66 -7 7
304 56 -107 29
305 63 -107 29
306 41 -107 29
307 44 -107 29
308 80 -107 29
309 53 -107 29
310 109 -107 29
311 109 -107 29
312 15 -223 -17
313 59 -223 -17
314 16 -223 -17
315 -6 -223 -17
316 135 -223 -17
317 77 -223 -17
318 112 -223 -17
319 155 -223 -17
320 -47 -406 -102
321 29 -406 -102
322 -4 -406 -102
323 -68 -406 -102
324 207 -406 -102
325 109 -406 -102
326 137 -406 -102
327 224 -406 -102
328 -148 -637 -283
329 -20 -637 -283
330 -22 -637 -283
331 -155 -637 -283
332 333 -637 -283
333 175 -637 -283
334 140 -637 -283
335 316 -637 -283
336 -263 -859 -514
337 -101 -859 -514
338 -20 -859 -514
339 -232 -859 -514
340 435 -859 -514
341 265 -859 -514
342 133 -859 -514
343 391 -859 -514
344 -385 -1105 -764
345 -187 -1105 -764
346 -12 -1105 -764
347 -324 -1105 -764
348 572 -1105 -764
349 360 -1105 -764
350 119 -1105 -764
351 493 -1105 -764
352 -531 -1338 -1125
353 -307 -1338 -1125
354 19 -1338 -1125
355 -403 -1338 -1125
356 700 -1338 -1125
357 493 -1338 -1125
358 109 -1338 -1125
359 545 -1338 -1125
360 -654 -1502 -1323
361 -403 -1502 -1323
362 43 -1502 -1323
363 -474 -1502 -1323
364 748 -1502 -1323
365 582 -1502 -1323
366 60 -1502 -1323
367 621 -1502 -1323
368 -813 -2293 -1538
369 -531 -2293 -1538
370 84 -2293 -1538
371 -531 -2293 -1538
372 748 -2293 -1538
373 717 -2293 -1538
374 572 -2293 -1538
375 748 -2293 -1538
376 -915 -2575 -1726
377 -684 -2575 -1726
378 155 -2575 -1726
379 -595 -2575 -1726
380 748 -2575 -1726
381 748 -2575 -1726
382 748 -2575 -1726
383 748 -2575 -1726
384 -1043 -2540 -1821
385 -675 -2540 -1821
386 210 -2540 -1821
387 -632 -2540 -1821
388 748 -2540 -1821
389 748 -2540 -1821
390 748 -2540 -1821
391 748 -2540 -1821
392 -1156 -2322 -1836
393 -531 -2322 -1836
394 321 -2322 -1836
395 -626 -2322 -1836
396 748 -2322 -1836
397 748 -2322 -1836
398 748 -2322 -1836
399 748 -2322 -1836
400 -1203 -2272 -1979
401 -628 -2272 -1979
402 413 -2272 -1979
403 -588 -2272 -1979
404 748 -2272 -1979
405 748 -2272 -1979
406 748 -2272 -1979
407 748 -2272 -1979
408 -1253 -2154 -2095
409 -663 -2154 -2095
410 515 -2154 -2095
411 -531 -2154 -2095
412 748 -2154 -2095
413 748 -2154 -2095
414 748 -2154 -2095
415 748 -2154 -2095
416 -1268 -2093 -2237
417 -788 -2093 -2237
418 627 -2093 -2237
419 -478 -2093 -2237
420 748 -2093 -2237
421 748 -2093 -2237
422 748 -2093 -2237
423 748 -2093 -2237
424 -1260 -1932 -2328
425 -851 -1932 -2328
426 717 -1932 -2328
427 -403 -1932 -2328
428 748 -1932 -2328
429 748 -1932 -2328
430 685 -1932 -2328
431 748 -1932 -2328
432 -1239 -1575 -2444
433 -915 -1575 -2444
434 748 -1575 -2444
435 -275 -1575 -2444
436 748 -1575 -2444
437 748 -1575 -2444
438 405 -1575 -2444
439 748 -1575 -2444
440 -1105 -1357 -2660
441 -1211 -1357 -2660
442 748 -1357 -2660
443 -80 -1357 -2660
444 748 -1357 -2660
445 748 -1357 -2660
446 115 -1357 -2660
447 748 -1357 -2660
448 -915 920 -4242
449 -1402 920 -4242
450 748 920 -4242
451 137 920 -4242
452 748 920 -4242
453 748 920 -4242
454 -665 920 -4242
455 -1324 920 -4242
456 748 2243 -48
457 429 2243 -48
458 748 2243 -48
459 748 2243 -48
460 -788 2243 -48
461 748 2243 -48
462 -367 2243 -48
463 -1151 2243 -48
464 748 2252 926
465 665 2252 926
466 748 2252 926
467 748 2252 926
468 -1218 2252 926
469 383 2252 926
470 -62 2252 926
471 -989 2252 926
472 748 2163 1568
473 748 2163 1568
474 748 2163 1568
475 748 2163 1568
476 -1300 2163 1568
477 -117 2163 1568
478 300 2163 1568
479 -788 2163 1568
480 748 1991 2076
481 748 1991 2076
482 748 1991 2076
483 748 1991 2076
484 -1236 1991 2076
485 -622 1991 2076
486 621 1991 2076
487 -492 1991 2076
488 748 1835 2487
489 748 1835 2487
490 685 1835 2487
491 748 1835 2487
492 -1217 1835 2487
493 -947 1835 2487
494 748 1835 2487
495 -215 1835 2487
496 748 682 3023
497 748 682 3023
498 -690 682 3023
499 748 682 3023
500 -1106 682 3023
501 -1555 682 3023
502 748 682 3023
503 82 682 3023
504 -326 -1541 1792
505 -499 -1541 1792
506 -1331 -1541 1792
507 -83 -1541 1792
508 -1008 -1541 1792
509 -1653 -1541 1792
510 748 -1541 1792
511 318 -1541 1792
512 -403 -2325 1499
513 -1619 -2325 1499
514 -1555 -2325 1499
515 -403 -2325 1499
516 -1427 -2325 1499
517 -1657 -2325 1499
518 349 -2325 1499
519 225 -2325 1499
520 -149 -1775 1988
521 -1635 -1775 1988
522 -1652 -1775 1988
523 -788 -1775 1988
524 -1300 -1775 1988
525 -1655 -1775 1988
526 -685 -1775 1988
527 364 -1775 1988
528 44 -1112 2366
529 -1555 -1112 2366
530 -1655 -1112 2366
531 -1015 -1112 2366
532 -1164 -1112 2366
533 -1657 -1112 2366
534 -1555 -1112 2366
535 505 -1112 2366
536 64 -1376 2504
537 -1555 -1376 2504
538 -1657 -1376 2504
539 -1269 -1376 2504
540 -962 -1376 2504
541 -1659 -1376 2504
542 -1611 -1376 2504
543 697 -1376 2504
544 70 -1309 2620
545 -1215 -1309 2620
546 -1657 -1309 2620
547 -1476 -1309 2620
548 -645 -1309 2620
549 -1659 -1309 2620
550 -1619 -1309 2620
551 748 -1309 2620
552 -140 -1116 2427
553 -867 -1116 2427
554 -1653 -1116 2427
555 -1555 -1116 2427
556 -360 -1116 2427
557 -1655 -1116 2427
558 -1619 -1116 2427
559 748 -1116 2427
560 -403 -997 1935
561 -531 -997 1935
562 -1657 -997 1935
563 -1619 -997 1935
564 84 -997 1935
565 -1555 -997 1935
566 -1619 -997 1935
567 748 -997 1935
568 -640 -1305 904
569 -148 -1305 904
570 -1657 -1305 904
571 -1611 -1305 904
572 686 -1305 904
573 -911 -1305 904
574 -1492 -1305 904
575 748 -1305 904
576 -834 -2511 472
577 130 -2511 472
578 -1636 -2511 472
579 -1619 -2511 472
580 748 -2511 472
581 -379 -2511 472
582 -452 -2511 472
583 748 -2511 472
584 -1028 -3311 139
585 319 -3311 139
586 -1188 -3311 139
587 -1555 -3311 139
588 748 -3311 139
589 -59 -3311 139
590 748 -3311 139
591 748 -3311 139
592 -275 -2910 970
593 748 -2910 970
594 -955 -2910 970
595 -1493 -2910 970
596 748 -2910 970
597 198 -2910 970
598 748 -2910 970
599 748 -2910 970
600 -335 -2770 630
601 748 -2770 630
602 -663 -2770 630
603 -1403 -2770 630
604 748 -2770 630
605 500 -2770 630
606 748 -2770 630
607 748 -2770 630
608 -788 -2484 -97
609 748 -2484 -97
610 -388 -2484 -97
611 -1203 -2484 -97
612 748 -2484 -97
613 685 -2484 -97
614 748 -2484 -97
615 748 -2484 -97
616 -1127 -2390 -758
617 493 -2390 -758
618 -162 -2390 -758
619 -1070 -2390 -758
620 748 -2390 -758
621 748 -2390 -758
622 748 -2390 -758
623 748 -2390 -758
624 -1261 -2237 -1323
625 109 -2237 -1323
626 109 -2237 -1323
627 -851 -2237 -1323
628 748 -2237 -1323
629 748 -2237 -1323
630 748 -2237 -1323
631 748 -2237 -1323
632 -1156 -2285 -1686
633 -362 -2285 -1686
634 265 -2285 -1686
635 -666 -2285 -1686
636 748 -2285 -1686
637 748 -2285 -1686
638 748 -2285 -1686
639 748 -2285 -1686
640 -1092 -1991 -1980
641 -691 -1991 -1980
642 429 -1991 -1980
643 -494 -1991 -1980
644 748 -1991 -1980
645 748 -1991 -1980
646 505 -1991 -1980
647 748 -1991 -1980
648 -915 -1380 -2183
649 -1000 -1380 -2183
650 564 -1380 -2183
651 -271 -1380 -2183
652 748 -1380 -2183
653 748 -1380 -2183
654 -32 -1380 -2183
655 748 -1380 -2183
656 -790 -734 -2103
657 -915 -734 -2103
658 633 -734 -2103
659 -123 -734 -2103
660 748 -734 -2103
661 748 -734 -2103
662 -443 -734 -2103
663 748 -734 -2103
664 -644 199 -2616
665 -915 199 -2616
666 721 199 -2616
667 54 199 -2616
668 748 199 -2616
669 748 199 -2616
670 -630 199 -2616
671 3 199 -2616
672 -452 452 -2273
673 -803 452 -2273
674 722 452 -2273
675 190 452 -2273
676 497 452 -2273
677 748 452 -2273
678 -622 452 -2273
679 -113 452 -2273
680 -327 716 -2100
681 -709 716 -2100
682 742 716 -2100
683 285 716 -2100
684 364 716 -2100
685 748 716 -2100
686 -647 716 -2100
687 -231 716 -2100
688 -157 961 -1774
689 -611 961 -1774
690 735 961 -1774
691 412 961 -1774
692 197 961 -1774
693 641 961 -1774
694 -595 961 -1774
695 -324 961 -1774
696 -27 1072 -1423
697 -468 1072 -1423
698 685 1072 -1423
699 444 1072 -1423
700 109 1072 -1423
701 534 1072 -1423
702 -531 1072 -1423
703 -357 1072 -1423
704 69 1024 57
705 -385 1024 57
706 657 1024 57
707 505 1024 57
708 -516 1024 57
709 -403 1024 57
710 185 1024 57
711 -251 1024 57
712 572 673 1305
713 531 673 1305
714 -98 673 1305
715 313 673 1305
716 -403 673 1305
717 -403 673 1305
718 232 673 1305
719 -158 673 1305
720 518 424 1335
721 513 424 1335
722 -148 424 1335
723 236 424 1335
724 -388 424 1335
725 -403 424 1335
726 307 424 1335
727 -79 424 1335
728 453 176 1330
729 530 176 1330
730 -218 176 1330
731 137 176 1330
732 -289 176 1330
733 -402 176 1330
734 348 176 1330
735 29 176 1330
736 362 19 1178
737 493 19 1178
738 -223 19 1178
739 66 19 1178
740 -219 19 1178
741 -339 19 1178
742 349 19 1178
743 70 19 1178
744 315 -178 1115
745 448 -178 1115
746 -256 -178 1115
747 18 -178 1115
748 -154 -178 1115
749 -327 -178 1115
750 383 -178 1115
751 148 -178 1115
752 219 -314 929
753 409 -314 929
754 -256 -314 929
755 -59 -314 929
756 -65 -314 929
757 -250 -314 929
758 355 -314 929
759 185 -314 929
760 173 -376 795
761 345 -376 795
762 -227 -376 795
763 -70 -376 795
764 -27 -376 795
765 -212 -376 795
766 350 -376 795
767 206 -376 795
768 116 -474 657
769 310 -474 657
770 -228 -474 657
771 -113 -474 657
772 44 -474 657
773 -160 -474 657
774 333 -474 657
775 236 -474 657
776 43 -504 424
777 235 -504 424
778 -179 -504 424
779 -133 -504 424
780 109 -504 424
781 -83 -504 424
782 289 -504 424
783 236 -504 424
784 19 -549 353
785 188 -549 353
786 -164 -549 353
787 -132 -549 353
788 124 -549 353
789 -57 -549 353
790 277 -549 353
791 265 -549 353
792 -33 -549 193
793 147 -549 193
794 -132 -549 193
795 -151 -549 193
796 173 -549 193
797 5 -549 193
798 221 -549 193
799 266 -549 193
800 -58 -489 75
801 109 -489 75
802 -83 -489 75
803 -132 -489 75
804 177 -489 75
805 43 -489 75
806 191 -489 75
807 236 -489 75
808 -71 -516 -25
809 60 -516 -25
810 -68 -516 -25
811 -132 -516 -25
812 205 -516 -25
813 77 -516 -25
814 173 -516 -25
815 236 -516 -25
816 -99 -450 -149
817 18 -450 -149
818 -21 -450 -149
819 -116 -450 -149
820 215 -450 -149
821 118 -450 -149
822 122 -450 -149
823 214 -450 -149
824 -83 -400 -193
825 -7 -400 -193
826 9 -400 -193
827 -83 -400 -193
828 211 -400 -193
829 133 -400 -193
830 109 -400 -193
831 198 -400 -193
832 -99 -337 -285
833 -27 -337 -285
834 41 -337 -285
835 -76 -337 -285
836 221 -337 -285
837 173 -337 -285
838 58 -337 -285
839 173 -337 -285
840 -95 -240 -338
841 -59 -240 -338
842 80 -240 -338
843 -35 -240 -338
844 200 -240 -338
845 175 -240 -338
846 30 -240 -338
847 138 -240 -338
848 -77 -164 -349
849 -59 -164 -349
850 109 -164 -349
851 -8 -164 -349
852 192 -164 -349
853 182 -164 -349
854 9 -164 -349
855 121 -164 -349
856 -71 -94 -391
857 -74 -94 -391
858 126 -94 -391
859 12 -94 -391
860 175 -94 -391
861 199 -94 -391
862 -25 -94 -391
863 82 -94 -391
864 -42 -7 -382
865 -77 -7 -382
866 148 -7 -382
867 57 -7 -382
868 153 -7 -382
869 188 -7 -382
870 -36 -7 -382
871 60 -7 -382
872 -23 78 -375
873 -71 78 -375
874 173 78 -375
875 70 78 -375
876 137 78 -375
877 190 78 -375
878 -63 78 -375
879 29 78 -375
880 -4 153 -374
881 -69 153 -374
882 185 153 -374
883 109 153 -374
884 109 153 -374
885 184 153 -374
886 -68 153 -374
887 -4 153 -374
888 30 200 -317
889 -51 200 -317
890 186 200 -317
891 129 200 -317
892 81 200 -317
893 173 200 -317
894 -68 200 -317
895 -20 200 -317
896 44 266 -288
897 -39 266 -288
898 191 266 -288
899 150 266 -288
900 59 266 -288
901 155 266 -288
902 -79 266 -288
903 -39 266 -288
904 84 306 -211
905 -29 306 -211
906 188 306 -211
907 173 306 -211
908 26 306 -211
909 124 306 -211
910 -68 306 -211
911 -51 306 -211
912 109 325 -145
913 3 325 -145
914 177 325 -145
915 179 325 -145
916 6 325 -145
917 109 325 -145
918 -51 325 -145
919 -63 325 -145
920 124 338 -103
921 20 338 -103
922 173 338 -103
923 187 338 -103
924 -20 338 -103
925 109 338 -103
926 -45 338 -103
927 -71 338 -103
928 147 348 -11
929 44 348 -11
930 153 348 -11
931 188 348 -11
932 -35 348 -11
933 59 348 -11
934 -23 348 -11
935 -68 348 -11
936 157 335 45
937 71 335 45
938 134 335 45
939 179 335 45
940 -43 335 45
941 41 335 45
942 -4 335 45
943 -68 335 45
944 173 325 134
945 109 325 134
946 115 325 134
947 178 325 134
948 -59 325 134
949 16 325 134
950 20 325 134
951 -51 325 134
952 173 305 156
953 110 305 156
954 109 305 156
955 173 305 156
956 -55 305 156
957 -4 305 156
958 38 305 156
959 -41 305 156
960 174 -239 344
961 131 -239 344
962 -59 -239 344
963 -20 -239 344
964 60 -239 344
965 -26 -239 344
966 174 -239 344
967 146 -239 344
968 44 -264 168
969 133 -264 168
970 -55 -264 168
971 -33 -264 168
972 109 -264 168
973 -5 -264 168
974 173 -264 168
975 156 -264 168
976 29 -296 145
977 116 -296 145
978 -46 -296 145
979 -39 -296 145
980 109 -296 145
981 12 -296 145
982 173 -296 145
983 173 -296 145
984 9 -292 110
985 109 -292 110
986 -36 -292 110
987 -51 -292 110
988 116 -292 110
989 29 -292 110
990 154 -292 110
991 173 -292 110
992 -4 -302 53
993 81 -302 53
994 -27 -302 53
995 -51 -302 53
996 124 -302 53
997 51 -302 53
998 137 -302 53
999 173 -302 53
1000 -20 -285 -17
1001 60 -285 -17
1002 -7 -285 -17
1003 -47 -285 -17
1004 140 -285 -17
1005 69 -285 -17
1006 123 -285 -17
1007 161 -285 -17
1008 -27 -271 -64
1009 44 -271 -64
1010 5 -271 -64
1011 -39 -271 -64
1012 150 -271 -64
1013 83 -271 -64
1014 109 -271 -64
1015 157 -271 -64
1016 -34 -273 -112
1017 29 -273 -112
1018 25 -273 -112
1019 -35 -273 -112
1020 153 -273 -112
1021 109 -273 -112
1022 109 -273 -112
1023 150 -273 -112
