0 3802 0 0 0 0
1 3711 0 0 0 0
2 3753 0 0 0 0
3 3840 0 0 0 0
4 3757 0 0 0 0
5 3711 0 0 0 0
6 3711 0 0 0 0
7 3808 0 0 0 0
8 3711 199 -199 0 0
9 3761 256 -76 0 0
10 3840 256 -38 0 0
11 3737 236 78 0 0
12 3711 204 153 0 0
13 3840 0 0 0 0
14 3760 0 0 0 0
15 3727 109 -256 0 0
16 3840 109 256 0 0
17 3776 113 227 0 0
18 3727 -179 204 0 0
19 3802 -170 256 0 0
20 3800 -85 -256 0 0
21 3741 256 51 0 0
22 3785 0 0 0 0
23 3840 -128 213 0 0
24 3727 -256 -85 0 0
25 3760 -256 -109 0 0
26 3840 204 -153 0 0
27 3736 0 0 0 0
28 3743 0 298 0 0
29 3840 -292 0 0 0
30 3760 -320 0 0 0
31 3729 96 -256 0 0
32 3840 192 192 0 0
33 3789 182 219 0 0
34 3711 -204 153 0 0
35 3782 -256 102 0 0
36 3840 -142 -227 0 0
37 3727 0 0 0 0
38 3736 307 0 0 0
39 3840 -56 256 0 0
40 3783 -170 256 0 0
41 3711 -256 -64 0 0
42 3783 0 0 0 0
43 3840 109 -256 0 0
44 3727 153 204 0 0
45 3736 153 204 0 0
46 3840 -227 113 0 0
47 3780 0 0 0 0
48 3711 -96 -256 0 0
49 3789 0 0 0 0
50 3840 256 -64 0 0
51 3727 0 307 0 0
52 3737 0 320 0 0
53 3840 -256 -64 0 0
54 3780 0 0 0 0
55 3711 96 -256 0 0
56 3788 0 0 0 0
57 3840 224 128 0 0
58 3727 -204 204 0 0
59 3736 -192 192 0 0
60 3840 -109 -256 0 0
61 3777 0 0 0 0
62 3711 256 -64 0 0
63 3791 170 256 0 0
64 3840 56 256 0 0
65 3727 -307 0 0 0
66 3760 0 0 0 0
67 3840 160 -224 0 0
68 3776 320 0 0 0
69 3711 232 93 0 0
70 3789 128 256 0 0
71 3840 -36 292 0 0
72 3727 -64 -256 0 0
73 3736 -85 -256 0 0
74 3840 256 -109 0 0
75 3790 0 0 0 0
76 3790 0 0 145 2537
77 3711 0 0 147 2580
78 3840 0 0 153 2568
79 3726 162 -209 159 2502
80 3740 179 -204 167 2385
81 3840 274 0 175 2224
82 3765 307 0 181 2017
83 3727 128 256 188 1756
84 3840 0 0 190 1441
85 3788 -128 -224 195 1066
86 3726 204 -179 200 652
87 3726 204 -179 207 599
88 3795 292 -36 206 544
89 3727 0 -288 205 486
90 3776 0 -288 205 436
91 3840 109 -219 208 401
92 3706 230 -102 210 378
93 3748 279 0 210 370
94 3840 0 0 209 358
95 3743 0 0 206 336
96 3737 -51 -256 211 315
97 3840 256 109 217 310
98 3760 219 109 221 331
99 3760 0 288 221 341
100 3727 0 307 224 349
101 3791 -192 192 228 -255
102 3727 256 96 230 -800
103 3800 113 227 235 -1287
104 3800 68 256 231 -1722
105 3726 -146 219 229 -2107
106 3776 -85 256 228 -2448
107 3840 0 0 232 -2723
108 3740 256 -85 238 -2930
109 3736 256 73 238 -3071
110 3840 -256 128 241 -3157
111 3791 -256 64 0 0
112 3711 -128 -224 0 0
113 3776 0 0 0 0
114 3840 256 -109 0 0
115 3737 -64 256 0 0
116 3730 -51 256 0 0
117 3840 -256 -56 0 0
118 3776 0 0 0 0
119 3711 102 -230 0 0
120 3777 256 -64 0 0
121 3840 256 85 0 0
122 3732 -170 256 0 0
123 3732 -192 192 0 0
124 3840 -96 -256 0 0
125 3785 64 -256 0 0
126 3711 227 -113 0 0
127 3777 0 0 0 0
128 3840 109 256 0 0
129 3736 -320 0 0 0
130 3737 -341 0 0 0
131 3840 113 -227 0 0
132 3763 341 0 0 0
133 3727 227 113 0 0
134 3794 0 341 0 0
135 3783 -64 256 0 0
136 3726 -36 -256 0 0
137 3794 192 -192 0 0
138 3800 256 -76 0 0
139 3724 51 256 0 0
140 3777 64 256 0 0
141 3840 -224 -128 0 0
142 3727 0 -341 0 0
143 3757 42 -256 0 0
144 3840 42 256 0 0
145 3840 128 230 0 0
146 3840 192 192 0 0
147 3740 201 146 0 0
148 3760 187 170 0 0
149 3731 187 177 0 0
150 3840 89 230 0 0
151 3776 60 243 0 0
152 3727 160 224 0 0
153 3802 128 256 0 0
154 3804 -64 256 0 0
155 3711 -109 256 0 0
156 3760 -109 256 0 0
157 3760 -213 170 0 0
158 3840 -213 170 0 0
159 3711 0 0 0 0
160 3840 0 279 0 0
161 3800 0 281 0 0
162 3711 -187 187 0 0
163 3761 -179 204 0 0
164 3840 -298 0 0 0
165 3746 -307 0 0 0
166 3711 292 0 0 0
167 3809 0 292 0 0
168 3791 0 0 0 0
169 3711 -219 -146 0 0
170 3762 -64 -256 0 0
171 3840 116 -232 0 0
172 3750 320 0 0 0
173 3727 307 0 0 0
174 3787 0 0 0 0
175 3791 0 0 0 0
176 3711 0 -288 0 0
177 3776 213 -170 0 0
178 3840 237 -73 0 0
179 3738 213 128 0 0
180 3736 182 182 0 0
181 3840 -192 -192 0 0
182 3760 0 0 0 0
183 3727 113 -227 0 0
184 3840 170 213 0 0
185 3790 182 219 0 0
186 3727 -192 192 0 0
187 3796 0 0 0 0
188 3808 -102 -256 0 0
189 3727 219 109 0 0
190 3776 204 153 0 0
191 3840 -85 234 0 0
192 3729 -341 0 0 0
193 3756 -219 -109 0 0
194 3840 213 -128 0 0
195 3743 0 0 0 0
196 3737 32 288 0 0
197 3840 -298 0 0 0
198 3761 -320 0 0 0
199 3727 96 -256 0 0
200 3810 0 0 0 0
201 3780 256 102 0 0
202 3726 -256 73 0 0
203 3726 -256 96 0 0
204 3800 -256 -96 0 0
205 3711 42 256 0 0
206 3776 0 307 0 0
207 3840 -128 213 0 0
208 3727 -209 139 0 0
209 3760 -232 93 0 0
210 3840 64 256 0 0
211 3740 192 192 0 0
212 3747 85 256 0 0
213 3840 -298 0 0 0
214 3759 -320 0 0 0
215 3734 96 -256 0 0
216 3734 96 -256 0 0
217 3777 146 -219 0 0
218 3727 -204 -153 0 0
219 3789 -93 -232 0 0
220 3793 -68 -256 0 0
221 3727 146 -219 0 0
222 3785 85 -256 0 0
223 3840 -256 42 0 0
224 3727 -307 0 0 0
225 3776 -307 0 0 0
226 3840 307 0 0 0
227 3737 64 256 0 0
228 3740 28 284 0 0
229 3840 -256 36 0 0
230 3776 -256 42 0 0
231 3711 113 -227 0 0
232 3790 256 -64 0 0
233 3840 256 85 0 0
234 3727 -192 192 0 0
235 3742 -192 192 0 0
236 3840 -109 -256 0 0
237 3776 0 0 0 0
238 3776 0 0 189 2808
239 3711 0 0 192 2787
240 3800 0 0 194 2720
241 3726 -149 -213 197 2602
242 3740 -116 -232 200 2436
243 3840 30 -271 202 2217
244 3776 46 -256 204 1951
245 3711 199 -170 205 1634
246 3791 182 -219 206 1264
247 3840 -204 153 206 841
248 3727 -204 -204 209 360
249 3743 -256 -170 212 346
250 3743 0 0 215 338
251 3840 0 0 216 330
252 3726 0 0 218 327
253 3791 -256 -85 219 317
254 3794 -256 -85 222 300
255 3727 0 -279 224 279
256 3788 0 -320 225 252
257 3808 341 0 226 217
258 3726 0 0 226 167
259 3760 -128 213 227 114
260 3808 -192 -192 230 57
261 3741 0 0 232 0
262 3750 320 0 234 -59
263 3727 320 0 232 -116
264 3840 182 219 230 -175
265 3776 170 256 229 -233
266 3731 192 192 228 -290
267 3840 256 -56 226 -344
268 3808 256 -56 222 -396
269 3727 284 -28 219 -447
270 3788 256 -42 215 -492
271 3791 85 256 212 -527
272 3706 25 -281 210 -554
273 3759 0 -279 208 -569
274 3840 192 -192 205 -583
275 3776 199 -199 201 -597
276 3764 256 -73 197 -606
277 3840 -25 -281 194 -612
278 3776 0 -281 191 -619
279 3686 85 -231 188 -632
280 3750 105 -225 185 -646
281 3808 187 -187 182 -665
282 3758 46 -256 178 -684
283 3782 69 -256 175 -702
284 3865 34 -256 172 -717
285 3802 76 -243 168 -733
286 3695 149 -202 165 -749
287 3727 140 -204 161 -761
288 3741 134 -207 156 -767
289 3708 32 -266 151 -767
290 3759 32 -266 147 -760
291 3888 85 -234 142 -748
292 3855 87 -234 138 -730
293 3855 55 -249 133 -710
294 3748 15 -271 129 -685
295 3740 7 -271 124 -658
296 3647 6 -274 120 -629
297 3696 0 -273 118 -599
298 3857 58 -245 116 -567
299 3871 50 -250 114 -538
300 3840 52 -250 112 -514
301 3846 56 -244 110 -490
302 3760 52 -250 108 -470
303 3615 80 -233 106 -449
304 3663 82 -233 104 -429
305 3760 111 -222 101 -399
306 3776 76 -235 99 -366
307 3878 76 -235 96 -325
308 3968 60 -243 94 -275
309 3808 75 -239 92 -219
310 3683 104 -221 89 -156
311 3680 92 -229 87 -88
312 3583 80 -233 85 -17
313 3655 47 -252 84 55
314 3855 75 -235 84 129
315 3930 83 -233 87 203
316 3896 91 -227 90 273
317 3897 64 -242 94 340
318 3751 42 -252 97 400
319 3556 62 -244 100 451
320 3583 62 -244 103 493
321 3711 78 -234 106 525
322 3776 53 -246 109 553
323 3936 56 -246 112 574
324 4038 48 -250 115 591
325 3885 48 -250 118 603
326 3673 69 -240 121 619
327 3615 61 -244 124 638
328 3559 59 -245 127 662
329 3569 28 -261 129 688
330 3791 32 -258 131 715
331 4032 46 -251 134 743
332 4016 46 -251 139 772
333 3887 46 -251 144 801
334 3776 22 -263 149 829
335 3576 28 -260 154 856
336 3428 25 -262 159 882
337 3577 27 -260 164 906
338 3855 40 -253 169 924
339 3983 34 -256 174 940
340 4032 33 -258 179 950
341 4015 12 -268 184 954
342 3776 12 -268 189 952
343 3471 26 -261 194 951
344 3456 26 -259 199 950
345 3583 26 -259 204 949
346 3776 11 -267 209 949
347 3983 11 -267 214 948
348 4095 11 -269 218 948
349 4045 5 -270 223 946
350 3711 19 -263 228 944
351 3527 11 -267 233 943
352 3425 11 -268 238 942
353 3460 -5 -271 243 942
354 3776 -5 -271 248 942
355 4084 6 -271 253 943
356 4095 6 -271 258 942
357 4032 8 -269 263 941
358 3840 -13 -267 268 942
359 3456 -3 -272 272 940
360 3312 -3 -272 277 939
361 3497 0 -273 282 935
362 3727 -7 -269 287 933
363 4016 -15 -265 292 931
364 4095 -15 -265 297 930
365 4095 -22 -261 302 927
366 3746 -7 -269 306 926
367 3505 -12 -266 311 922
368 3334 -12 -266 316 920
369 3359 -27 -260 321 917
370 3727 -27 -260 326 913
371 4095 -18 -264 330 907
372 4095 -18 -264 335 903
373 4095 -18 -264 340 897
374 3888 -39 -254 345 891
375 3888 -87 -230 349 887
376 3215 -81 -232 354 885
377 3384 -79 -233 358 880
378 3727 -79 -233 363 877
379 4024 -88 -230 367 873
380 4095 -88 -230 372 869
381 4095 -88 -230 376 865
382 4095 -113 -217 381 856
383 3424 -59 -243 385 845
384 3268 -60 -243 389 830
385 3346 -63 -242 394 804
386 3583 -80 -233 399 769
387 4045 -78 -234 403 728
388 4095 -78 -234 408 677
389 4095 -78 -234 412 623
390 4095 -78 -234 416 565
391 3505 -86 -230 420 505
392 3244 -86 -230 423 440
393 3199 -91 -227 426 377
394 3583 -91 -227 428 311
395 4095 -87 -230 427 247
396 4095 -87 -230 427 182
397 4095 -87 -230 427 124
398 4095 -87 -230 426 72
399 3647 -102 -222 426 26
400 3124 -97 -225 426 -12
401 3185 -97 -225 426 -44
402 3628 -93 -227 425 -66
403 4036 -98 -224 425 -82
404 4095 -98 -224 424 -91
405 4095 -98 -224 424 -98
406 4095 -98 -224 422 -110
407 3711 -105 -220 422 -124
408 3135 -105 -220 422 -141
409 3215 -104 -221 421 -161
410 3520 -114 -215 421 -185
411 3975 -121 -213 420 -210
412 4095 -121 -213 420 -234
413 4095 -121 -213 419 -261
414 4095 -121 -213 418 -289
415 4095 -164 -191 416 -319
416 3193 -168 -189 414 -346
417 3103 -169 -188 412 -376
418 3425 -178 -184 409 -405
419 4032 -171 -188 407 -431
420 4095 -171 -188 404 -454
421 4095 -171 -188 401 -472
422 4095 -171 -188 399 -485
423 4095 -171 -188 396 -492
424 3091 -163 -191 393 -497
425 3044 -163 -191 390 -496
426 3471 -160 -193 388 -494
427 3968 -167 -190 385 -491
428 4095 -167 -190 382 -488
429 4095 -167 -190 379 -490
430 4095 -167 -190 377 -491
431 4095 -167 -190 375 -496
432 3168 -172 -186 373 -503
433 3052 -172 -187 371 -511
434 3327 -182 -180 368 -522
435 3968 -182 -180 366 -537
436 4095 -182 -180 364 -555
437 4095 -182 -180 361 -572
438 4095 -182 -180 358 -592
439 4095 -182 -180 354 -614
440 3087 -178 -184 351 -638
441 2973 -177 -184 347 -661
442 3374 -174 -186 344 -681
443 3882 -183 -181 340 -700
444 4095 -183 -181 336 -716
445 4095 -183 -181 332 -731
446 4095 -183 -181 328 -743
447 4095 -183 -181 324 -750
448 3135 -184 -177 320 -756
449 3013 -185 -176 316 -760
450 3239 -189 -168 312 -765
451 3840 -192 -163 308 -767
452 4095 -192 -163 304 -770
453 4095 -192 -163 300 -770
454 4095 -192 -163 296 -770
455 4095 -192 -163 292 -770
456 4095 -235 -76 288 -770
457 2904 -232 -82 284 -770
458 3199 -232 -80 280 -1370
459 3884 -231 -84 276 -1900
460 4095 -231 -84 272 -2361
461 4095 -231 -84 268 -2754
462 4095 -231 -84 264 -3080
463 4095 -231 -84 260 -3340
464 3343 -197 -150 256 -3535
465 2904 -197 -150 252 -3666
466 3265 -196 -154 248 -3734
467 3804 -199 -147 244 -3740
468 4095 -199 -147 0 0
469 4095 -199 -147 0 0
470 4095 -199 -147 0 0
471 4095 -199 -147 0 0
472 3309 -198 -150 0 0
473 3008 -198 -148 0 0
474 3199 -201 -145 0 0
475 3711 -205 -135 0 0
476 4095 -205 -135 0 0
477 4095 -205 -135 0 0
478 4095 -205 -135 0 0
479 4095 -205 -135 0 0
480 3572 -216 -114 0 0
481 2968 -216 -115 0 0
482 3135 -217 -112 0 0
483 3760 -214 -116 0 0
484 4095 -214 -116 0 0
485 4095 -214 -116 0 0
486 4095 -214 -116 0 0
487 4095 -214 -116 0 0
488 3492 -212 -123 0 0
489 2944 -211 -123 0 0
490 3224 -209 -128 0 0
491 3783 -208 -130 0 0
492 4095 -208 -130 0 0
493 4095 -208 -130 0 0
494 4095 -208 -130 0 0
495 4095 -208 -130 0 0
496 3341 -201 -142 0 0
497 3047 -202 -141 0 0
498 3265 -201 -143 0 0
499 3693 -206 -134 0 0
500 4095 -206 -134 0 0
501 4095 -206 -134 0 0
502 4095 -206 -134 0 0
503 4095 -206 -134 0 0
504 3315 -205 -136 0 0
505 3120 -206 -135 0 0
506 3225 -206 -133 0 0
507 3711 -206 -134 0 0
508 4095 -206 -134 0 0
509 4095 -206 -134 0 0
510 4095 -206 -134 0 0
511 4095 -206 -134 0 0
512 3356 -208 -131 0 0
513 3072 -207 -131 0 0
514 3279 -206 -134 0 0
515 3840 -199 -148 0 0
516 4095 -199 -148 0 0
517 4095 -199 -148 0 0
518 3279 -143 -202 0 0
519 3168 -32 -257 0 0
520 3401 -33 -257 0 0
521 3751 40 -252 0 0
522 4095 147 -200 0 0
523 4095 151 -198 0 0
524 4095 151 -198 0 0
525 4095 151 -198 0 0
526 3376 142 -201 0 0
527 3193 142 -202 0 0
528 3372 140 -202 0 0
529 3870 154 -197 0 0
530 4095 154 -197 0 0
531 4095 154 -197 0 0
532 4095 154 -197 0 0
533 3840 184 -179 0 0
534 3840 139 -204 0 0
535 3284 136 -205 0 0
536 3520 149 -199 0 0
537 3840 145 -201 0 0
538 4095 145 -201 0 0
539 4095 145 -201 0 0
540 4095 145 -201 0 0
541 3620 181 -183 0 0
542 3372 203 -139 0 0
543 3264 204 -139 0 0
544 3482 202 -143 0 0
545 3968 209 -127 0 0
546 4095 209 -127 0 0
547 4095 209 -127 0 0
548 4095 209 -127 0 0
549 3633 209 -129 0 0
550 3265 212 -122 0 0
551 3318 212 -121 0 0
552 3628 221 -106 0 0
553 3918 218 -112 0 0
554 4095 218 -112 0 0
555 4095 218 -112 0 0
556 3911 228 -91 0 0
557 3911 210 -125 0 0
558 3522 200 -147 0 0
559 3315 200 -147 0 0
560 3583 197 -152 0 0
561 4052 207 -131 0 0
562 4095 207 -131 0 0
563 4095 207 -131 0 0
564 3919 207 -133 0 0
565 3521 234 -79 0 0
566 3231 240 -68 0 0
567 3384 242 -63 0 0
568 3725 250 -45 0 0
569 4019 249 -49 0 0
570 4095 249 -49 0 0
571 4095 249 -49 0 0
572 3840 254 -39 0 0
573 3431 258 -29 0 0
574 3296 258 -30 0 0
575 3343 257 -33 0 0
576 3708 256 -36 0 0
577 4095 259 -27 0 0
578 4095 259 -27 0 0
579 4095 259 -27 0 0
580 3890 257 -33 0 0
581 3428 257 -33 0 0
582 3428 256 -36 0 0
583 3397 257 -31 0 0
584 3800 264 -17 0 0
585 4095 264 -17 0 0
586 4095 264 -17 0 0
587 4095 264 -17 0 0
588 4095 250 -47 0 0
589 3327 256 -35 0 0
590 3247 257 -32 0 0
591 3378 256 -34 0 0
592 3747 253 -41 0 0
593 4095 253 -41 0 0
594 4095 253 -41 0 0
595 4095 253 -41 0 0
596 4095 253 -41 0 0
597 3366 251 -45 0 0
598 3148 252 -43 0 0
599 3310 250 -47 0 0
600 3857 256 -34 0 0
601 4095 256 -34 0 0
602 4095 256 -34 0 0
603 4095 256 -34 0 0
604 4095 256 -34 0 0
605 3264 260 -25 0 0
606 3073 261 -24 0 0
607 3398 265 -17 0 0
608 3871 265 -16 0 0
609 4095 265 -16 0 0
610 4095 265 -16 0 0
611 4095 265 -16 0 0
612 4095 265 -16 0 0
613 3180 269 -7 0 0
614 3132 270 -8 0 0
615 3375 268 -10 0 0
616 3840 266 -13 0 0
617 4095 266 -13 0 0
618 4095 266 -13 0 0
619 4095 266 -13 0 0
620 4095 266 -13 0 0
621 3248 262 -20 0 0
622 3008 263 -19 0 0
623 3308 261 -24 0 0
624 3919 265 -15 0 0
625 4095 265 -15 0 0
626 4095 265 -15 0 0
627 4095 265 -15 0 0
628 4095 265 -15 0 0
629 3134 270 -5 0 0
630 3072 271 -5 0 0
631 3343 272 -2 0 0
632 3840 268 -12 0 0
633 4095 268 -12 0 0
634 4095 268 -12 0 0
635 4095 268 -12 0 0
636 4095 268 -12 0 0
637 3184 265 -16 0 0
638 2944 265 -15 0 0
639 3244 261 -22 0 0
640 3936 267 -12 0 0
641 4095 267 -12 0 0
642 4095 267 -12 0 0
643 4095 267 -12 0 0
644 4095 267 -12 0 0
645 3248 265 -17 0 0
646 2916 265 -17 0 0
647 3312 267 -12 0 0
648 3888 265 -17 0 0
649 4095 265 -17 0 0
650 4095 265 -17 0 0
651 4095 265 -17 0 0
652 4095 265 -17 0 0
653 3148 269 -9 0 0
654 2980 268 -9 0 0
655 3239 266 -15 0 0
656 3794 260 -24 0 0
657 4095 260 -24 0 0
658 4095 260 -24 0 0
659 4095 260 -24 0 0
660 4095 260 -24 0 0
661 3298 254 -37 0 0
662 2895 255 -36 0 0
663 3174 253 -40 0 0
664 3886 257 -31 0 0
665 4095 257 -31 0 0
666 4095 257 -31 0 0
667 4095 257 -31 0 0
668 4095 257 -31 0 0
669 3359 255 -36 0 0
670 2886 255 -36 0 0
671 3248 258 -31 0 0
672 3793 253 -40 0 0
673 3793 240 -67 0 0
674 4095 240 -67 0 0
675 4095 240 -67 0 0
676 4095 240 -67 0 0
677 3456 235 -76 0 0
678 2879 235 -76 0 0
679 3120 232 -82 0 0
680 3841 235 -77 0 0
681 4095 247 -51 0 0
682 4095 247 -51 0 0
683 4095 247 -51 0 0
684 4095 247 -51 0 0
685 3405 249 -47 0 0
686 2888 249 -47 0 0
687 3215 253 -41 0 0
688 3760 248 -49 0 0
689 4095 248 -49 0 0
690 4095 248 -49 0 0
691 4095 248 -49 0 0
692 4095 248 -49 0 0
693 3456 246 -54 0 0
694 2947 245 -55 0 0
695 3128 243 -60 0 0
696 3743 242 -61 0 0
697 4095 242 -61 0 0
698 4095 242 -61 0 0
699 4095 242 -61 0 0
700 4095 242 -61 0 0
701 3583 237 -72 0 0
702 2879 237 -70 0 0
703 3133 238 -70 0 0
704 3840 242 -61 0 0
705 4095 242 -61 0 0
706 4095 242 -61 0 0
707 4095 242 -61 0 0
708 4095 242 -61 0 0
709 3458 248 -51 0 0
710 2898 248 -51 0 0
711 3224 249 -46 0 0
712 3741 245 -56 0 0
713 4095 245 -56 0 0
714 4095 245 -56 0 0
715 4095 245 -56 0 0
716 4095 245 -56 0 0
717 3494 244 -58 0 0
718 3008 242 -61 0 0
719 3135 240 -66 0 0
720 3739 240 -67 0 0
721 4095 240 -67 0 0
722 4095 240 -67 0 0
723 4095 240 -67 0 0
724 4095 240 -67 0 0
725 3486 241 -66 0 0
726 2950 241 -64 0 0
727 3245 244 -58 0 0
728 3727 243 -60 0 0
729 4095 243 -60 0 0
730 4095 243 -60 0 0
731 4095 243 -60 0 0
732 4095 243 -60 0 0
733 3456 244 -56 0 0
734 3047 244 -59 0 0
735 3168 241 -63 0 0
736 3729 241 -63 0 0
737 4095 241 -63 0 0
738 4095 241 -63 0 0
739 4095 241 -63 0 0
740 4095 241 -63 0 0
741 3456 241 -63 0 0
742 3009 241 -62 0 0
743 3276 245 -57 0 0
744 3711 244 -58 0 0
745 4095 244 -58 0 0
746 4095 244 -58 0 0
747 4095 244 -58 0 0
748 4095 244 -58 0 0
749 3343 249 -48 0 0
750 3103 248 -50 0 0
751 3199 245 -54 0 0
752 3727 246 -53 0 0
753 4095 246 -53 0 0
754 4095 246 -53 0 0
755 4095 246 -53 0 0
756 4095 246 -53 0 0
757 3391 244 -57 0 0
758 3076 244 -57 0 0
759 3312 248 -50 0 0
760 3711 247 -52 0 0
761 4095 247 -52 0 0
762 4095 247 -52 0 0
763 4095 247 -52 0 0
764 4095 247 -52 0 0
765 3337 250 -46 0 0
766 3184 249 -48 0 0
767 3270 247 -52 0 0
768 3672 246 -56 0 0
769 4095 246 -56 0 0
770 4095 246 -56 0 0
771 4095 246 -56 0 0
772 4095 246 -56 0 0
773 3425 241 -64 0 0
774 3148 241 -63 0 0
775 4095 268 10 0 0
776 4095 234 78 0 0
777 4095 234 78 0 0
778 3380 205 138 0 0
779 3135 4 270 0 0
780 3359 2 271 0 0
781 3756 -32 257 0 0
782 4081 -139 203 0 0
783 4095 -139 203 0 0
784 4095 -139 203 0 0
785 4095 -139 203 0 0
786 3391 -138 204 0 0
787 3264 -135 205 0 0
788 3315 -133 207 0 0
789 3687 -125 210 0 0
790 4095 -126 209 0 0
791 4095 -126 209 0 0
792 4095 -126 209 0 0
793 4080 -128 209 0 0
794 3456 -122 212 0 0
795 3197 -124 211 0 0
796 3391 -128 208 0 0
797 3758 -136 205 0 0
798 4056 -132 207 0 0
799 4095 -132 207 0 0
800 4095 -132 207 0 0
801 3776 -170 188 0 0
802 3456 -170 188 0 0
803 3312 -170 189 0 0
804 3352 -166 190 0 0
805 3697 -157 194 0 0
806 4095 -161 193 0 0
807 4095 -161 193 0 0
808 4095 -161 193 0 0
809 4095 -121 212 0 0
810 4095 -43 251 0 0
811 3840 22 264 0 0
812 3376 22 262 0 0
813 3779 8 269 0 0
814 4069 15 266 0 0
815 4095 15 266 0 0
816 4095 15 266 0 0
817 3855 -27 261 0 0
818 3431 -156 195 0 0
819 3296 -164 192 0 0
820 3296 -158 194 0 0
821 3481 -121 213 0 0
822 4004 -114 216 0 0
823 4095 -114 216 0 0
824 4095 -114 216 0 0
825 3776 -124 211 0 0
826 3466 -121 212 0 0
827 3391 -117 215 0 0
828 3456 -128 210 0 0
829 3683 -156 195 0 0
830 4058 -162 192 0 0
831 4095 -162 192 0 0
832 4095 -162 192 0 0
833 3790 -161 193 0 0
834 3559 -150 197 0 0
835 3358 -151 198 0 0
836 3407 -146 200 0 0
837 3759 -157 195 0 0
838 4065 -158 194 0 0
839 4095 -158 194 0 0
840 4047 -162 192 0 0
841 3858 -153 197 0 0
842 3504 -159 194 0 0
843 3327 -159 193 0 0
844 3504 -168 189 0 0
845 3776 -171 188 0 0
846 3968 -161 193 0 0
847 4095 -161 193 0 0
848 4095 -155 196 0 0
849 3800 -164 192 0 0
850 3486 -166 190 0 0
851 3456 -165 191 0 0
852 3533 -168 190 0 0
853 3687 -152 196 0 0
854 3981 -154 195 0 0
855 4095 -154 195 0 0
856 4017 -164 192 0 0
857 3776 -168 189 0 0
858 3583 -155 196 0 0
859 3424 -154 196 0 0
860 3466 -148 200 0 0
861 3776 -163 192 0 0
862 3999 -165 191 0 0
863 4054 -164 191 0 0
864 4047 -161 192 0 0
865 3840 -150 198 0 0
866 3520 -159 194 0 0
867 3456 -159 194 0 0
868 3565 -170 188 0 0
869 3708 -157 195 0 0
870 3968 -153 196 0 0
871 4095 -153 196 0 0
872 3982 -162 193 0 0
873 3776 -173 186 0 0
874 3615 -160 193 0 0
875 3456 -160 193 0 0
876 3494 -151 197 0 0
877 3788 -166 190 0 0
878 3788 -139 205 0 0
879 3971 -133 208 0 0
880 4005 -130 209 0 0
881 3846 -116 215 0 0
882 3544 -130 209 0 0
883 3456 -130 209 0 0
884 3583 -140 203 0 0
885 3753 -132 208 0 0
886 3900 -151 198 0 0
887 4059 -153 196 0 0
888 4032 -150 198 0 0
889 3759 -168 190 0 0
890 3566 -166 192 0 0
891 3555 -162 193 0 0
892 3572 -161 193 0 0
893 3696 -150 198 0 0
894 3968 -161 194 0 0
895 4077 -161 193 0 0
896 3919 -178 184 0 0
897 3760 -177 186 0 0
898 3663 -160 193 0 0
899 3520 -160 194 0 0
900 3526 -154 197 0 0
901 3526 -119 214 0 0
902 3776 -83 233 0 0
903 3968 -72 238 0 0
904 3936 -70 238 0 0
905 3840 -52 248 0 0
906 3583 -70 237 0 0
907 3500 -74 238 0 0
908 3636 -82 233 0 0
909 3743 -134 207 0 0
910 3877 -156 197 0 0
911 4032 -157 196 0 0
912 3968 -153 197 0 0
913 3740 -178 185 0 0
914 3647 -166 191 0 0
915 3580 -163 193 0 0
916 3555 -149 198 0 0
917 3760 -154 196 0 0
918 3968 -172 189 0 0
919 3940 -170 189 0 0
920 3910 -182 184 0 0
921 3840 -153 196 0 0
922 3612 -160 194 0 0
923 3529 -160 193 0 0
924 3647 -178 186 0 0
925 3743 -173 187 0 0
926 3743 -120 214 0 0
927 4006 -126 209 0 0
928 3903 -128 209 0 0
929 3782 -142 202 0 0
930 3640 -137 207 0 0
931 3583 -132 207 0 0
932 3628 -129 208 0 0
933 3759 -136 207 0 0
934 3900 -173 188 0 0
935 3968 -170 188 0 0
936 3968 -159 196 0 0
937 3903 -126 210 0 0
938 3647 -125 212 0 0
939 3583 -125 212 0 0
940 3639 -126 211 0 0
941 3760 -126 211 0 0
942 3888 -123 211 0 0
943 3968 -123 211 0 0
944 3903 -133 208 0 0
945 3777 -171 187 0 0
946 3654 -170 189 0 0
947 3583 -170 189 0 0
948 3583 -158 194 0 0
949 3768 -163 193 0 0
950 3887 -163 193 0 0
951 3936 -160 194 0 0
952 3886 -164 192 0 0
953 3750 -172 188 0 0
954 3660 -172 188 0 0
955 3612 -169 189 0 0
956 3660 -186 175 0 0
957 3761 -186 179 0 0
958 3878 -185 181 0 0
959 3924 -184 180 0 0
960 3881 -187 179 0 0
961 3776 -179 187 0 0
962 3662 -175 187 0 0
963 3583 -176 187 0 0
964 3662 -179 186 0 0
965 3776 -182 182 0 0
966 3871 -181 185 0 0
967 3916 -180 184 0 0
968 3871 -183 183 0 0
969 3776 -183 183 0 0
970 3776 -151 201 0 0
971 3673 -142 201 0 0
972 3673 -145 200 0 0
973 3743 -128 211 0 0
974 3864 -128 211 0 0
975 3901 -122 215 0 0
976 3864 -125 214 0 0
977 3776 -125 214 0 0
978 3680 -165 194 0 0
979 3635 -164 190 0 0
980 3680 -167 189 0 0
981 3776 -184 184 0 0
982 3864 -184 184 0 0
983 3887 -184 184 0 0
984 3855 -184 180 0 0
985 3776 -184 180 0 0
986 3684 -184 180 0 0
987 3660 -185 180 0 0
988 3687 -185 180 0 0
989 3776 -185 180 0 0
990 3855 -184 184 0 0
991 3888 -184 184 0 0
992 3847 -184 179 0 0
993 3780 -184 179 0 0
994 3692 -182 182 0 0
995 3659 -182 182 0 0
996 3692 -182 182 0 0
997 3776 -182 182 0 0
998 3852 -182 182 113 1392
999 3883 -185 185 112 1327
1000 3846 -185 185 111 1230
1001 3776 -186 181 110 1104
1002 3694 -185 185 110 948
1003 3680 -187 182 107 764
1004 3701 -187 176 105 553
1005 3776 -187 176 102 317
1006 3847 -186 180 99 56
1007 3876 -186 180 96 -229
1008 3840 -186 174 93 -536
1009 3763 -192 168 90 -554
1010 3692 -192 168 86 -570
1011 3665 -193 170 83 -582
1012 3704 -193 170 79 -589
1013 3776 -193 170 76 -587
1014 3840 -187 170 73 -584
1015 3870 -192 168 70 -580
1016 3840 -192 168 67 -575
1017 3840 -153 199 64 -568
1018 3776 -112 218 62 -561
1019 3680 -105 223 59 -554
1020 3710 -105 223 56 -547
1021 3776 -105 223 53 -544
1022 3841 -105 223 50 -541
1023 3864 -107 222 48 -541
1024 3840 -107 222 45 -545
1025 3761 -160 197 42 -551
1026 3704 -192 172 39 -558
1027 3682 -192 172 37 -565
1028 3711 -192 172 34 -567
1029 3776 -192 172 31 -555
1030 3840 -192 172 28 -534
1031 3855 -190 170 25 -504
1032 3840 -190 170 22 -465
1033 3764 -190 170 19 -417
1034 3711 -188 175 15 -357
1035 3776 -192 173 11 -291
1036 3840 -244 58 8 -216
1037 3852 -276 0 5 -141
1038 3840 -276 0 4 -60
1039 3762 -231 -97 6 19
1040 3711 -167 -194 7 97
1041 3694 -172 -186 9 170
1042 3711 -172 -186 11 241
1043 3776 -172 -186 14 306
1044 3840 -172 -186 17 362
1045 3850 -172 -186 20 407
1046 3840 -172 -186 24 437
1047 3764 -172 -186 26 454
1048 3711 -172 -186 29 459
1049 3696 -172 -186 31 454
1050 3711 -172 -186 33 449
1051 3776 -172 -186 35 439
1052 3840 -172 -186 38 431
1053 3840 -175 -190 40 421
1054 3840 -175 -190 42 414
1055 3776 -182 -182 44 408
1056 3711 -182 -182 45 406
1057 3697 -182 -182 47 408
1058 3726 -173 -188 49 409
1059 3776 -173 -188 51 412
1060 3840 -173 -188 53 414
1061 3840 -173 -188 55 418
1062 3840 -173 -188 58 415
1063 3776 -173 -188 60 418
1064 3711 -173 -188 63 420
1065 3705 -178 -186 65 421
1066 3727 -178 -186 68 422
1067 3776 -178 -186 70 423
1068 3840 -178 -186 72 422
1069 3840 -178 -186 74 423
1070 3840 -178 -186 76 422
1071 3763 -162 -193 79 420
1072 3743 -179 -187 79 417
1073 3711 -185 -185 82 416
1074 3727 -185 -185 84 413
1075 3776 -185 -185 86 413
1076 3840 -185 -185 88 411
1077 3840 -185 -185 91 412
1078 3802 -161 -199 93 412
1079 3763 -161 -199 96 411
1080 3727 -150 -203 98 413
1081 3709 -150 -203 100 411
1082 3742 -137 -210 102 414
1083 3776 -137 -210 104 411
1084 3840 -137 -210 106 410
1085 3840 -137 -210 108 408
1086 3808 -141 -203 110 405
1087 3776 -155 -201 112 404
1088 3727 -155 -201 114 405
1089 3711 -155 -201 116 405
1090 3736 -158 -194 119 407
1091 3776 -158 -194 120 408
1092 3809 -177 -187 123 409
1093 3840 -177 -187 125 412
1094 3808 -177 -187 127 414
1095 3766 -174 -194 129 416
1096 3729 -174 -194 131 417
1097 3711 -174 -194 134 417
1098 3734 -174 -194 136 416
1099 3776 -174 -194 138 414
1100 3808 -174 -194 140 412
1101 3840 -174 -194 142 414
1102 3800 -163 -194 144 413
1103 3783 -181 -192 147 414
1104 3736 -189 -189 149 413
1105 3726 -186 -186 151 412
1106 3741 -186 -186 153 411
1107 3741 -209 -151 155 411
1108 3776 -219 -121 157 410
1109 3840 -219 -121 159 409
1110 3800 -219 -121 161 407
1111 3776 -219 -121 164 405
1112 3736 -219 -121 166 402
1113 3704 -211 -133 168 389
1114 3743 -211 -133 170 369
1115 3776 -186 -174 172 348
1116 3802 -178 -189 174 324
1117 3840 -178 -189 177 300
1118 3795 -178 -189 178 274
1119 3776 -178 -189 180 252
1120 3742 -178 -189 182 235
1121 3727 -179 -192 184 221
1122 3746 -179 -192 186 212
1123 3776 -179 -192 184 207
1124 3791 -188 -188 182 206
1125 3840 -188 -188 183 207
1126 3796 -188 -188 183 214
1127 3776 -188 -188 184 225
1128 3742 -188 -188 184 241
1129 3727 -188 -188 186 257
1130 3743 -188 -188 189 277
1131 3776 -188 -188 191 299
1132 3801 -179 -192 193 327
1133 3808 -192 -192 195 358
1134 3783 -170 -204 197 380
1135 3762 -144 -208 199 394
1136 3743 -144 -208 202 405
1137 3734 -144 -208 204 414
1138 3750 -136 -221 206 419
1139 3776 -136 -221 208 419
1140 3791 -136 -204 210 418
1141 3808 -136 -204 212 421
1142 3791 -153 -204 215 423
1143 3776 -170 -187 217 424
1144 3736 -170 -187 219 424
1145 3736 -170 -187 221 423
1146 3746 -170 -187 223 423
1147 3776 -170 -187 226 425
1148 3791 -170 -187 228 426
1149 3800 -170 -187 230 426
1150 3791 -170 -187 232 428
1151 3776 -170 -187 235 431
1152 3746 -182 -182 237 439
1153 3743 -192 -192 239 441
1154 3754 -170 -192 241 -218
1155 3778 -170 -192 243 -817
1156 3793 -170 -192 246 -1357
1157 3800 -170 -192 248 -1836
1158 3788 -170 -192 250 -2250
1159 3776 -170 -192 252 -2603
1160 3750 -170 -192 255 -2893
1161 3742 -170 -192 258 -3121
1162 3756 -170 -192 263 -3282
1163 3776 -170 -192 262 -3378
1164 3790 -170 -192 0 0
1165 3790 -179 -204 0 0
1166 3785 -153 -204 0 0
1167 3776 -153 -204 0 0
1168 3752 -170 -199 0 0
1169 3743 -170 -199 0 0
1170 3756 -170 -199 0 0
1171 3776 -170 -199 0 0
1172 3790 -170 -199 0 0
1173 3791 -170 -199 0 0
1174 3787 -199 -199 0 0
1175 3776 -199 -199 0 0
1176 3751 -179 -204 0 0
1177 3743 -179 -204 0 0
1178 3756 -179 -204 0 0
1179 3776 -179 -204 0 0
1180 3791 -179 -204 0 0
1181 3791 -179 -204 0 0
1182 3783 -153 -204 0 0
1183 3776 -153 -204 0 0
1184 3751 -153 -204 0 0
1185 3749 -170 -199 0 0
1186 3760 -160 -224 0 0
1187 3776 -160 -224 0 0
1188 3791 -160 -224 0 0
1189 3791 -160 -224 0 0
1190 3781 -160 -224 0 0
1191 3776 -160 -224 0 0
1192 3757 -160 -224 0 0
1193 3747 -160 -224 0 0
1194 3758 -170 -199 0 0
1195 3776 -170 -199 0 0
1196 3795 -170 -199 0 0
1197 3780 -182 -219 0 0
1198 3779 -146 -219 0 0
1199 3776 -146 -219 0 0
1200 3756 -146 -219 0 0
1201 3751 -146 -219 0 0
1202 3760 -146 -219 0 0
1203 3776 -146 -219 0 0
1204 3783 -170 -213 0 0
1205 3790 -182 -219 0 0
1206 3783 -182 -219 0 0
1207 3776 -182 -219 0 0
1208 3763 -182 -182 0 0
1209 3756 -213 -170 0 0
1210 3759 -213 -170 0 0
1211 3776 -213 -170 0 0
1212 3782 -213 -170 0 0
1213 3788 -213 -170 0 0
1214 3782 -213 -170 0 0
1215 3776 -213 -170 0 0
1216 3760 -213 -170 0 0
1217 3761 -204 -204 0 0
1218 3731 -224 -128 0 0
1219 3776 -224 -128 0 0
1220 3782 -224 -128 0 0
1221 3789 -224 -128 0 0
1222 3783 -227 -113 0 0
1223 3783 -227 -113 0 0
1224 3767 -256 -96 0 0
1225 3755 -256 -85 0 0
1226 3760 -213 -128 0 0
1227 3776 -213 -128 0 0
1228 3779 -213 -128 0 0
1229 3791 -213 -128 0 0
1230 3783 -213 -128 0 0
1231 3776 -213 -170 0 0
1232 3759 -182 -182 0 0
1233 3758 -213 -170 0 0
1234 3760 -213 -170 0 0
1235 3776 -213 -170 0 0
1236 3782 -182 -182 0 0
1237 3788 -204 -204 0 0
1238 3779 -204 -204 0 0
1239 3776 -204 -204 0 0
1240 3754 -170 -213 0 0
1241 3760 -170 -213 0 0
1242 3761 -170 -213 0 0
1243 3776 -170 -213 0 0
1244 3778 -204 -204 0 0
1245 3781 -153 -204 0 0
1246 3781 -153 -204 0 0
1247 3776 -153 -204 0 0
1248 3760 -192 -192 0 0
1249 3759 -204 -153 0 0
1250 3790 0 0 0 0
1251 3777 0 0 0 0
1252 3782 0 -341 0 0
1253 3783 0 -341 0 0
1254 3779 0 -341 0 0
1255 3776 0 -341 0 0
1256 3760 0 -341 0 0
1257 3759 0 -341 0 0
1258 3762 -153 -204 0 0
1259 3776 -153 -204 0 0
1260 3776 -192 -192 0 0
1261 3776 -192 -192 0 0
1262 3778 -192 -192 0 0
1263 3776 -192 -192 0 0
1264 3760 -192 -192 0 0
1265 3760 -192 -192 0 0
1266 3761 -192 -192 0 0
1267 3776 -192 -192 0 0
1268 3779 -192 -192 0 0
1269 3779 -192 -192 0 0
1270 3782 -192 -192 0 0
1271 3776 -192 -192 0 0
1272 3760 -192 -192 0 0
1273 3760 -192 -192 0 0
1274 3761 -192 -192 0 0
1275 3776 -192 -192 0 0
1276 3776 -192 -192 0 0
1277 3779 -192 -192 0 0
1278 3778 -192 -192 0 0
1279 3776 -192 -192 0 0
1280 3761 -192 -192 0 0
1281 3761 -192 -192 0 0
1282 3760 -192 -192 0 0
1283 3776 -192 -192 0 0
1284 3776 -192 -192 0 0
1285 3779 -192 -192 0 0
1286 3778 -192 -192 0 0
1287 3776 -192 -192 0 0
1288 3776 -256 -85 0 0
1289 3760 -256 -85 0 0
1290 3764 0 0 0 0
1291 3776 0 0 0 0
1292 3776 0 0 0 0
1293 3778 0 0 0 0
1294 3761 0 0 0 0
1295 3761 0 0 0 0
1296 3776 0 0 0 0
1297 3776 0 0 0 0
1298 3776 0 0 0 0
1299 3782 256 -85 0 0
1300 3776 256 -85 0 0
1301 3776 256 -85 0 0
1302 3776 0 0 0 0
1303 3776 0 0 0 0
1304 3766 0 0 0 0
1305 3776 0 0 0 0
1306 3777 0 0 0 0
1307 3776 0 0 0 0
1308 3776 0 0 0 0
1309 3776 0 0 0 0
1310 3776 0 0 0 0
1311 3764 0 0 0 0
1312 3776 0 0 0 0
1313 3776 0 0 0 0
1314 3776 0 0 0 0
1315 3778 0 0 0 0
1316 3777 0 0 0 0
1317 3776 0 0 0 0
1318 3762 0 0 0 0
1319 3776 0 0 0 0
1320 3764 0 0 0 0
1321 3776 0 0 0 0
1322 3776 0 0 0 0
1323 3791 0 0 0 0
1324 3776 0 0 0 0
1325 3776 0 0 0 0
1326 3776 0 0 0 0
1327 3768 85 -256 0 0
1328 3776 0 0 0 0
1329 3776 0 0 0 0
1330 3776 0 0 0 0
1331 3776 0 0 0 0
1332 3776 0 0 0 0
1333 3762 0 0 0 0
1334 3791 0 0 0 0
1335 3776 0 0 0 0
1336 3776 0 0 0 0
1337 3776 0 0 0 0
1338 3776 0 0 0 0
1339 3776 0 0 0 0
1340 3776 0 0 0 0
1341 3776 0 0 0 0
1342 3776 0 0 0 0
1343 3764 0 0 0 0
1344 3776 0 0 0 0
1345 3759 0 0 0 0
1346 3776 0 0 0 0
1347 3776 0 0 0 0
1348 3776 0 0 0 0
1349 3776 0 0 0 0
1350 3776 0 0 0 0
1351 3776 0 0 0 0
1352 3776 0 0 0 0
1353 3776 0 0 0 0
1354 3776 0 0 0 0
1355 3778 0 0 0 0
1356 3791 0 0 0 0
1357 3776 0 0 0 0
1358 3776 0 0 0 0
1359 3766 0 0 0 0
1360 3766 85 -256 0 0
1361 3776 85 -256 0 0
1362 3776 85 -256 0 0
1363 3776 0 0 0 0
1364 3776 0 0 0 0
1365 3776 0 0 0 0
1366 3776 0 0 0 0
1367 3759 0 0 0 0
1368 3776 0 0 0 0
1369 3776 0 0 0 0
1370 3776 0 0 0 0
1371 3776 0 0 0 0
1372 3776 0 0 0 0
1373 3776 0 0 0 0
1374 3776 0 0 0 0
1375 3776 0 0 0 0
1376 3776 0 0 0 0
1377 3776 0 0 0 0
1378 3779 0 0 0 0
1379 3776 0 0 0 0
1380 3779 0 0 0 0
1381 3776 0 0 0 0
1382 3776 0 0 0 0
1383 3776 0 0 0 0
1384 3776 0 0 0 0
1385 3776 0 0 0 0
1386 3776 0 0 0 0
1387 3776 0 0 0 0
1388 3776 0 0 0 0
1389 3779 0 0 0 0
1390 3776 0 0 0 0
1391 3776 0 0 0 0
1392 3776 0 0 0 0
1393 3776 0 0 0 0
1394 3776 0 0 0 0
1395 3776 0 0 0 0
1396 3776 0 0 0 0
1397 3776 0 0 0 0
1398 3791 0 0 0 0
1399 3776 0 0 0 0
1400 3776 0 0 0 0
1401 3776 0 0 0 0
1402 3776 0 0 0 0
1403 3776 0 0 0 0
1404 3776 0 0 0 0
1405 3776 0 0 0 0
1406 3776 0 0 0 0
1407 3776 0 0 0 0
1408 3776 0 0 0 0
1409 3776 0 0 0 0
1410 3776 0 0 0 0
1411 3776 0 0 0 0
1412 3776 0 0 0 0
1413 3776 0 0 0 0
1414 3743 0 0 0 0
1415 3759 256 -51 0 0
1416 3776 256 -51 0 0
1417 3776 256 -51 0 0
1418 3776 256 -51 0 0
1419 3776 256 -51 0 0
1420 3776 256 -51 0 0
1421 3776 256 -51 0 0
1422 3761 256 -85 0 0
1423 3776 0 0 0 0
1424 3776 0 0 0 0
1425 3776 0 0 0 0
1426 3776 0 0 0 0
1427 3776 0 0 0 0
1428 3776 0 0 0 0
1429 3776 0 0 0 0
1430 3776 0 0 0 0
1431 3776 0 0 0 0
1432 3776 0 0 0 0
1433 3776 0 0 0 0
1434 3776 0 0 0 0
1435 3776 0 0 0 0
1436 3776 0 0 0 0
1437 3776 0 0 0 0
1438 3776 0 0 0 0
1439 3776 0 0 0 0
1440 3776 0 0 0 0
1441 3776 0 0 0 0
1442 3776 0 0 0 0
1443 3777 0 0 0 0
1444 3776 0 0 0 0
1445 3776 0 0 0 0
1446 3776 0 0 0 0
1447 3776 0 0 0 0
1448 3776 0 0 0 0
1449 3776 0 0 0 0
1450 3776 0 0 0 0
1451 3776 0 0 0 0
1452 3776 0 0 0 0
1453 3776 0 0 0 0
1454 3760 0 0 0 0
1455 3776 0 0 0 0
1456 3776 0 0 0 0
1457 3776 0 0 0 0
1458 3776 0 0 0 0
1459 3776 0 0 0 0
1460 3776 0 0 0 0
1461 3776 0 0 0 0
1462 3776 0 0 0 0
1463 3776 0 0 0 0
1464 3764 0 0 0 0
1465 3763 0 0 0 0
1466 3776 0 0 0 0
1467 3776 0 0 0 0
1468 3776 0 0 0 0
1469 3776 0 0 0 0
1470 3776 0 0 0 0
1471 3776 0 0 0 0
1472 3776 0 0 0 0
1473 3776 0 0 0 0
1474 3743 0 0 0 0
1475 3743 -256 85 0 0
1476 3782 -256 85 0 0
1477 3763 -213 128 0 0
1478 3776 -213 128 0 0
1479 3776 -213 128 0 0
1480 3776 -213 128 0 0
1481 3776 -213 128 0 0
1482 3776 -85 256 0 0
1483 3776 0 0 0 0
1484 3776 0 0 0 0
1485 3776 0 0 0 0
1486 3776 0 0 0 0
1487 3764 0 0 0 0
1488 3776 0 0 0 0
1489 3776 0 0 0 0
1490 3583 -269 -13 0 0
1491 3761 -282 0 0 0
1492 3776 -282 0 0 0
1493 3776 -282 0 0 0
1494 3776 -282 0 0 0
1495 3776 -268 12 0 0
1496 3776 -268 12 0 0
1497 3776 -268 12 0 0
1498 3776 0 0 0 0
1499 3776 0 0 0 0
1500 3776 0 0 0 0
1501 3776 0 0 0 0
1502 3776 0 0 0 0
1503 3776 0 0 0 0
1504 3776 0 0 0 0
1505 3776 0 0 0 0
1506 3776 0 0 0 0
1507 3776 0 0 0 0
1508 3776 0 0 0 0
1509 3776 0 0 0 0
1510 3776 0 0 0 0
1511 3776 0 0 0 0
1512 3776 0 0 0 0
1513 3776 0 0 0 0
1514 3776 0 0 0 0
1515 3776 0 0 0 0
1516 3776 0 0 0 0
1517 3776 0 0 0 0
1518 3776 0 0 0 0
1519 3776 0 0 0 0
1520 3776 0 0 0 0
1521 3776 0 0 0 0
1522 3776 0 0 0 0
1523 3776 0 0 0 0
1524 3776 0 0 0 0
1525 3776 0 0 0 0
1526 3776 0 0 0 0
1527 3776 0 0 0 0
1528 3776 0 0 0 0
1529 3776 0 0 0 0
1530 3776 0 0 0 0
1531 3776 0 0 0 0
1532 3776 0 0 0 0
1533 3776 0 0 0 0
1534 3776 0 0 0 0
1535 3776 0 0 0 0
1536 3776 0 0 0 0
1537 3776 0 0 0 0
1538 3776 0 0 0 0
1539 3776 0 0 0 0
1540 3776 0 0 0 0
1541 3776 0 0 0 0
1542 3776 0 0 0 0
1543 3776 0 0 0 0
1544 3776 0 0 0 0
1545 3776 0 0 0 0
1546 3776 0 0 0 0
1547 3776 0 0 0 0
1548 3776 0 0 0 0
1549 3776 0 0 0 0
1550 3776 0 0 0 0
1551 3776 0 0 0 0
1552 3776 0 0 0 0
1553 3776 0 0 0 0
1554 3779 0 0 0 0
1555 3776 0 0 0 0
1556 3683 0 284 0 0
1557 3776 0 284 0 0
1558 3776 0 284 0 0
1559 3776 0 284 0 0
1560 3776 0 284 0 0
1561 3776 0 284 0 0
1562 3777 0 284 0 0
1563 3776 0 284 0 0
1564 3776 0 0 0 0
1565 3776 0 0 0 0
1566 3776 0 0 0 0
1567 3776 0 0 0 0
1568 3776 0 0 0 0
1569 3727 -192 -192 0 0
1570 3764 -213 -128 0 0
1571 3776 -213 -128 0 0
1572 3776 -213 -128 0 0
1573 3776 -213 -128 0 0
1574 3763 -192 -192 0 0
1575 3776 -192 -192 0 0
1576 3776 -192 -192 0 0
1577 3776 0 0 0 0
1578 3776 0 0 0 0
1579 3776 0 0 0 0
1580 3776 0 0 0 0
1581 3776 0 0 0 0
1582 3776 0 0 0 0
1583 3776 0 0 0 0
1584 3776 0 0 0 0
1585 3789 0 0 0 0
1586 3776 0 0 0 0
1587 3776 0 0 0 0
1588 3776 0 0 0 0
1589 3776 0 0 0 0
1590 3776 0 0 0 0
1591 3776 0 0 0 0
1592 3776 0 0 0 0
1593 3776 0 0 0 0
1594 3776 0 0 0 0
1595 3776 0 0 0 0
1596 3743 0 0 0 0
1597 3776 0 0 0 0
1598 3776 0 0 0 0
1599 3776 0 0 0 0
1600 3776 0 0 0 0
1601 3776 0 0 0 0
1602 3776 0 0 0 0
1603 3776 0 0 0 0
1604 3776 0 0 0 0
1605 3776 0 0 0 0
1606 3776 0 0 0 0
1607 3791 0 0 0 0
1608 3776 0 0 0 0
1609 3776 0 0 0 0
1610 3776 0 0 0 0
1611 3776 0 0 0 0
1612 3776 0 0 0 0
1613 3776 0 0 0 0
1614 3764 0 0 0 0
1615 3766 0 0 0 0
1616 3776 0 0 0 0
1617 3776 0 0 0 0
1618 3742 0 0 0 0
1619 3697 -224 160 0 0
1620 3761 -199 199 0 0
1621 3776 -199 199 0 0
1622 3776 -209 162 0 0
1623 3776 -196 157 0 0
1624 3776 -196 157 0 0
1625 3776 -196 157 0 0
1626 3776 -153 204 0 0
1627 3777 0 0 0 0
1628 3776 0 0 0 0
1629 3786 0 0 0 0
1630 3776 0 0 0 0
1631 3776 0 0 0 0
1632 3776 0 0 0 0
1633 3776 0 0 0 0
1634 3756 0 0 0 0
1635 3782 0 0 0 0
1636 3776 0 0 0 0
1637 3776 0 0 0 0
1638 3763 0 0 0 0
1639 3776 0 0 0 0
1640 3776 0 0 0 0
1641 3776 0 0 0 0
1642 3776 0 0 0 0
1643 3776 0 0 0 0
1644 3776 0 0 0 0
1645 3776 0 0 0 0
1646 3768 0 0 0 0
1647 3768 0 0 0 0
1648 3776 0 0 0 0
1649 3776 0 0 0 0
1650 3777 0 0 0 0
1651 3777 0 0 0 0
1652 3776 0 0 0 0
1653 3776 0 0 0 0
1654 3776 0 0 0 0
1655 3776 0 0 0 0
1656 3776 0 0 0 0
1657 3776 0 0 0 0
1658 3776 0 0 0 0
1659 3776 0 0 0 0
1660 3776 0 0 0 0
1661 3776 0 0 0 0
1662 3776 0 0 0 0
1663 3776 0 0 0 0
1664 3776 0 0 0 0
1665 3776 0 0 0 0
1666 3778 0 0 0 0
1667 3776 0 0 0 0
1668 3776 0 0 0 0
1669 3776 0 0 0 0
1670 3776 0 0 0 0
1671 3776 0 0 0 0
1672 3776 0 0 0 0
1673 3787 0 0 0 0
1674 3791 0 0 0 0
1675 3776 0 0 0 0
1676 3776 0 0 0 0
1677 3766 256 85 0 0
1678 3776 256 85 0 0
1679 3776 256 85 0 0
1680 3776 256 85 0 0
1681 3776 0 0 0 0
1682 3776 0 0 0 0
1683 3776 0 0 0 0
1684 3776 0 0 0 0
1685 3759 0 0 0 0
1686 3765 0 0 0 0
1687 3776 0 0 0 0
1688 3800 128 256 0 0
1689 3776 128 256 0 0
1690 3776 128 256 0 0
1691 3786 192 192 0 0
1692 3776 192 192 0 0
1693 3776 0 0 0 0
1694 3776 0 0 0 0
1695 3776 0 0 0 0
1696 3749 0 0 0 0
1697 3776 0 0 0 0
1698 3779 85 -256 0 0
1699 3776 0 0 0 0
1700 3776 0 0 0 0
1701 3776 0 0 0 0
1702 3776 0 0 0 0
1703 3776 0 0 0 0
1704 3791 0 0 0 0
1705 3791 0 0 0 0
1706 3776 0 0 0 0
1707 3782 0 0 0 0
1708 3776 0 0 0 0
1709 3776 0 0 0 0
1710 3776 0 0 0 0
1711 3776 0 0 0 0
1712 3776 0 0 0 0
1713 3776 0 0 0 0
1714 3776 0 0 0 0
1715 3776 0 0 0 0
1716 3776 0 0 0 0
1717 3776 0 0 0 0
1718 3776 0 0 0 0
1719 3760 0 0 0 0
1720 3776 0 0 0 0
1721 3776 0 0 0 0
1722 3779 0 0 0 0
1723 3776 0 0 0 0
1724 3776 0 0 0 0
1725 3776 0 0 0 0
1726 3776 0 0 0 0
1727 3760 0 0 0 0
1728 3776 0 0 0 0
1729 3776 0 0 0 0
1730 3776 0 0 0 0
1731 3776 0 0 0 0
1732 3776 0 0 0 0
1733 3776 0 0 0 0
1734 3776 0 0 0 0
1735 3776 0 0 0 0
1736 3776 0 0 0 0
1737 3776 0 0 0 0
1738 3776 0 0 0 0
1739 3776 0 0 0 0
1740 3776 0 0 0 0
1741 3776 0 0 0 0
1742 3776 0 0 0 0
1743 3776 0 0 0 0
1744 3776 0 0 0 0
1745 3776 0 0 0 0
1746 3776 0 0 0 0
1747 3777 0 0 0 0
1748 3776 0 0 0 0
1749 3776 0 0 0 0
1750 3776 0 0 0 0
1751 3776 0 0 0 0
1752 3801 0 0 0 0
1753 3776 0 0 0 0
1754 3776 0 0 0 0
1755 3776 0 0 0 0
1756 3776 0 0 0 0
1757 3776 0 0 0 0
1758 3776 0 0 0 0
1759 3776 0 0 0 0
1760 3776 0 0 0 0
1761 3776 0 0 0 0
1762 3776 0 0 0 0
1763 3791 0 0 0 0
1764 3776 0 0 0 0
1765 3776 0 0 0 0
1766 3787 0 0 0 0
1767 3776 0 0 0 0
1768 3776 0 0 0 0
1769 3776 0 0 0 0
1770 3777 0 0 0 0
1771 3776 0 0 0 0
1772 3776 0 0 0 0
1773 3776 0 0 0 0
1774 3766 0 0 0 0
1775 3766 0 0 0 0
1776 3776 0 0 0 0
1777 3776 0 0 0 0
1778 3776 0 0 0 0
1779 3776 0 0 0 0
1780 3776 0 0 0 0
1781 3776 0 0 0 0
1782 3760 0 0 0 0
1783 3776 0 0 0 0
1784 3776 0 0 0 0
1785 3766 0 0 0 0
1786 3782 0 0 0 0
1787 3776 0 0 0 0
1788 3776 0 0 0 0
1789 3776 0 0 0 0
1790 3776 0 0 0 0
1791 3776 0 0 0 0
1792 3776 0 0 0 0
1793 3776 0 0 0 0
1794 3776 0 0 0 0
1795 3776 0 0 0 0
1796 3779 0 0 0 0
1797 3785 0 0 0 0
1798 3785 0 0 0 0
1799 3776 0 0 0 0
1800 3777 0 0 0 0
1801 3776 0 0 0 0
1802 3776 0 0 0 0
1803 3776 0 0 0 0
1804 3776 0 0 0 0
1805 3776 0 0 0 0
1806 3776 0 0 0 0
1807 3776 0 0 0 0
1808 3763 0 0 0 0
1809 3776 0 0 0 0
1810 3776 0 0 0 0
1811 3776 0 0 0 0
1812 3776 0 0 0 0
1813 3776 0 0 0 0
1814 3776 0 0 0 0
1815 3776 0 0 0 0
1816 3776 0 0 0 0
1817 3743 0 0 0 0
1818 3743 -256 -85 0 0
1819 3776 -256 -85 0 0
1820 3776 -256 -85 0 0
1821 3776 -256 -85 0 0
1822 3776 -256 -85 0 0
1823 3776 -256 -85 0 0
1824 3776 -256 -85 0 0
1825 3776 0 0 0 0
1826 3776 0 0 0 0
1827 3776 0 0 0 0
1828 3776 0 0 0 0
1829 3776 0 0 0 0
1830 3776 0 0 0 0
1831 3777 0 0 0 0
1832 3804 0 0 0 0
1833 3776 0 0 0 0
1834 3776 0 0 0 0
1835 3776 0 0 0 0
1836 3776 0 0 0 0
1837 3776 0 0 0 0
1838 3776 0 0 0 0
1839 3776 0 0 0 0
1840 3783 0 0 0 0
1841 3776 0 0 0 0
1842 3776 0 0 0 0
1843 3763 0 0 0 0
1844 3776 0 0 0 0
1845 3776 0 0 0 0
1846 3776 0 0 0 0
1847 3776 0 0 0 0
1848 3796 -85 256 0 0
1849 3776 -85 256 0 0
1850 3787 0 0 0 0
1851 3776 0 0 0 0
1852 3776 0 0 0 0
1853 3776 0 0 0 0
1854 3776 0 0 0 0
1855 3776 0 0 0 0
1856 3776 0 0 0 0
1857 3776 0 0 0 0
1858 3776 0 0 0 0
1859 3776 0 0 0 0
1860 3776 0 0 0 0
1861 3778 0 0 0 0
1862 3761 0 0 0 0
1863 3776 0 0 0 0
1864 3776 0 0 0 0
1865 3776 0 0 0 0
1866 3776 0 0 0 0
1867 3776 0 0 0 0
1868 3776 0 0 0 0
1869 3776 0 0 0 0
1870 3776 0 0 0 0
1871 3777 0 0 0 0
1872 3776 0 0 0 0
1873 3747 0 0 0 0
1874 3776 0 0 0 0
1875 3776 0 0 0 0
1876 3776 0 0 0 0
1877 3776 0 0 0 0
1878 3776 0 0 0 0
1879 3762 -85 -256 0 0
1880 3780 -85 -256 0 0
1881 3776 0 0 0 0
1882 3776 0 0 0 0
1883 3776 0 0 0 0
1884 3776 0 0 0 0
1885 3776 0 0 0 0
1886 3776 0 0 0 0
1887 3776 0 0 0 0
1888 3776 0 0 0 0
1889 3776 0 0 0 0
1890 3776 0 0 0 0
1891 3776 0 0 0 0
1892 3776 0 0 0 0
1893 3776 0 0 0 0
1894 3776 0 0 0 0
1895 3782 0 0 0 0
1896 3782 0 0 0 0
1897 3776 0 0 0 0
1898 3776 0 0 0 0
1899 3776 0 0 0 0
1900 3776 0 0 0 0
1901 3776 0 0 0 0
1902 3776 0 0 0 0
1903 3840 -182 182 0 0
1904 3749 -256 102 0 0
1905 3785 -256 128 0 0
1906 3760 -256 85 0 0
1907 3783 -256 102 0 0
1908 3768 -213 128 0 0
1909 3776 -213 128 0 0
1910 3776 -213 128 0 0
1911 3776 0 0 0 0
1912 3776 0 0 0 0
1913 3776 0 0 0 0
1914 3776 0 0 0 0
1915 3776 0 0 0 0
1916 3765 0 0 0 0
1917 3776 0 0 0 0
1918 3776 0 0 0 0
1919 3879 -170 192 0 0
1920 3776 -170 192 0 0
1921 3783 -162 209 0 0
1922 3776 -162 209 0 0
1923 3776 -162 209 0 0
1924 3776 -179 204 0 0
1925 3789 -204 179 0 0
1926 3776 -204 179 0 0
1927 3776 0 0 0 0
1928 3776 0 0 0 0
1929 3768 0 0 0 0
1930 3776 0 0 0 0
1931 3776 0 0 0 0
1932 3776 0 0 0 0
1933 3776 0 0 0 0
1934 3777 0 0 0 0
1935 3777 0 0 0 0
1936 3776 0 0 0 0
1937 3776 0 0 0 0
1938 3776 0 0 0 0
1939 3776 0 0 0 0
1940 3763 0 0 0 0
1941 3780 0 0 0 0
1942 3776 0 0 0 0
1943 3776 0 0 0 0
1944 3778 0 0 0 0
1945 3778 0 0 0 0
1946 3776 0 0 0 0
1947 3776 0 0 0 0
1948 3776 0 0 0 0
1949 3776 0 0 0 0
1950 3776 0 0 0 0
1951 3779 0 0 0 0
1952 3788 0 0 0 0
1953 3776 0 0 0 0
1954 3776 0 0 0 0
1955 3776 0 0 0 0
1956 3776 0 0 0 0
1957 3776 0 0 0 0
1958 3776 0 0 0 0
1959 3776 0 0 0 0
1960 3776 0 0 0 0
1961 3776 0 0 0 0
1962 3776 0 0 0 0
1963 3791 0 0 0 0
1964 3764 0 0 0 0
1965 3776 0 0 0 0
1966 3776 0 0 0 0
1967 3776 0 0 0 0
1968 3776 0 0 0 0
1969 3776 0 0 0 0
1970 3776 0 0 0 0
1971 3776 0 0 0 0
1972 3776 0 0 0 0
1973 3849 -182 -182 0 0
1974 3840 -236 -98 0 0
1975 3749 -213 -149 0 0
1976 3783 -213 -149 0 0
1977 3776 -213 -149 0 0
1978 3776 -213 -149 0 0
1979 3776 -213 -149 0 0
1980 3776 -213 -149 0 0
1981 3776 -256 -64 0 0
1982 3776 0 0 0 0
1983 3781 0 0 0 0
1984 3776 0 0 0 0
1985 3790 0 0 0 0
1986 3776 0 0 0 0
1987 3776 0 0 0 0
1988 3776 0 0 0 0
1989 3776 0 0 0 0
1990 3776 0 0 0 0
1991 3840 -146 219 0 0
1992 3759 -204 204 0 0
1993 3776 -213 128 0 0
1994 3776 -213 128 0 0
1995 3776 -213 128 0 0
1996 3776 -213 128 0 0
1997 3763 -153 204 0 0
1998 3777 -153 204 0 0
1999 3776 0 0 0 0
2000 3776 0 0 0 0
2001 3776 0 0 0 0
2002 3776 0 0 0 0
2003 3776 0 0 0 0
2004 3776 0 0 0 0
2005 3776 0 0 0 0
2006 3776 0 0 0 0
2007 3783 0 0 0 0
2008 3777 0 0 0 0
2009 3776 0 0 0 0
2010 3776 0 0 0 0
2011 3776 0 0 0 0
2012 3776 0 0 0 0
2013 3776 0 0 0 0
2014 3776 0 0 0 0
2015 3776 0 0 0 0
2016 3777 0 0 0 0
2017 3776 0 0 0 0
2018 3776 0 0 0 0
2019 3786 0 0 0 0
2020 3776 0 0 0 0
2021 3776 0 0 0 0
2022 3776 0 0 0 0
2023 3777 0 0 0 0
2024 3783 0 0 0 0
2025 3777 0 0 0 0
2026 3777 0 0 0 0
2027 3776 0 0 0 0
2028 3776 0 0 0 0
2029 3776 0 0 0 0
2030 3840 -298 0 0 0
2031 3776 -298 0 0 0
2032 3777 -298 0 0 0
2033 3776 -298 0 0 0
2034 3776 -298 0 0 0
2035 3776 -298 0 0 0
2036 3776 -298 0 0 0
2037 3776 -298 0 0 0
2038 3776 0 0 0 0
2039 3776 0 0 0 0
2040 3761 0 0 0 0
2041 3885 204 153 0 0
2042 3737 146 219 0 0
2043 3776 146 219 0 0
2044 3776 146 219 0 0
2045 3776 146 219 0 0
2046 3776 146 219 0 0
2047 3776 146 219 0 0
